1 29
2 28
3 27
4 26
5 25
6 24
7 23
8 22
9 21
10 20
11 19
12 18
13 17
14 76
15 74
16 73
17 72
18 71
19 70
20 69
21 68
22 67
23 66
24 65
25 63
26 62
27 60
28 58
29 57
30 55
31 54
32 52
33 50
34 48
35 46
36 44
37 42
38 40
39 38
40 37
41 36
42 35
43 34
44 33
45 32
46 31
47 30
48 29
49 28
50 87
51 86
52 85
53 84
54 83
55 82
56 81
57 80
58 79
59 78
60 77
61 76
62 75
63 74
64 73
65 72
66 71
67 70
68 69
69 68
70 67
71 66
72 65
73 64
74 63
75 62
76 61
77 60
78 59
79 58
80 57
81 56
82 55
83 54
84 53
85 52
86 51
87 50
88 49
89 48
90 47
91 46
92 45
93 44
94 43
95 42
96 41
97 40
98 39
99 38
100 37
101 36
102 35
103 34
104 33
105 32
106 31
107 30
108 29
109 28
110 87
111 86
112 85
113 84
114 83
115 82
116 81
117 80
118 79
119 78
120 77
121 76
122 75
123 74
124 73
125 72
126 71
127 70
128 69
129 68
130 67
131 66
132 65
133 64
134 63
135 62
136 61
137 60
138 59
139 58
140 57
141 56
142 55
143 54
144 53
145 52
146 51
147 50
148 49
149 48
150 47
151 46
152 45
153 44
154 43
155 42
156 41
157 40
158 39
159 38
160 37
161 36
162 35
163 34
164 33
165 32
166 31
167 30
168 29
169 28
170 87
171 86
172 85
173 84
174 83
175 82
176 81
177 80
178 79
179 78
180 77
181 76
182 75
183 74
184 73
185 72
186 71
187 70
188 69
189 68
190 67
191 66
192 65
193 64
194 63
195 62
196 61
197 60
198 59
199 58
200 57
201 56
202 55
203 54
204 53
205 52
206 51
207 50
208 49
209 48
210 47
211 46
212 45
213 44
214 43
215 42
216 41
217 40
218 39
219 38
220 37
221 36
222 35
223 34
224 33
225 32
226 31
227 30
228 29
229 28
230 87
231 86
232 85
233 84
234 83
235 82
236 81
237 80
238 79
239 78
240 77
241 76
242 75
243 74
244 73
245 72
246 71
247 70
248 69
249 68
250 67
251 66
252 65
253 64
254 63
255 62
256 61
257 60
258 59
259 58
260 57
261 56
262 55
263 54
264 53
265 52
266 51
267 50
268 49
269 48
270 47
271 46
272 45
273 44
274 43
275 42
276 41
277 40
278 39
279 38
280 37
281 36
282 35
283 34
284 33
285 32
286 31
287 30
288 29
289 28
290 87
291 86
292 85
293 84
294 83
295 82
296 81
297 80
298 79
299 78
300 77
301 76
302 75
303 74
304 73
305 72
306 71
307 70
308 69
309 68
310 67
311 66
312 65
313 64
314 63
315 62
316 61
317 60
318 59
319 58
320 57
321 56
322 55
323 54
324 53
325 52
326 51
327 50
328 49
329 48
330 47
331 46
332 45
333 44
334 43
335 42
336 41
337 40
338 39
339 38
340 37
341 36
342 35
343 34
344 33
345 32
346 31
347 30
348 29
349 28
350 87
351 86
352 85
353 84
354 83
355 82
356 81
357 80
358 79
359 78
360 77
361 76
362 75
363 74
364 73
365 72
366 71
367 70
368 69
369 68
370 67
371 66
372 65
373 64
374 63
375 62
376 61
377 60
378 59
379 58
380 57
381 56
382 55
383 54
384 53
385 52
386 51
387 50
388 49
389 48
390 47
391 46
392 45
393 44
394 43
395 42
396 41
397 40
398 39
399 38
400 37
401 36
402 35
403 34
404 33
405 32
406 31
407 30
408 29
409 28
410 87
411 86
412 85
413 84
414 83
415 82
416 81
417 80
418 79
419 78
420 77
421 76
422 75
423 74
424 73
425 72
426 71
427 70
428 69
429 68
430 67
431 66
432 65
433 64
434 63
435 62
436 61
437 60
438 59
439 58
440 57
441 56
442 55
443 54
444 53
445 52
446 51
447 50
448 49
449 48
450 47
451 46
452 45
453 44
454 43
455 42
456 41
457 40
458 39
459 38
460 37
461 36
462 35
463 34
464 33
465 32
466 31
467 30
468 29
469 28
470 87
471 86
472 85
473 84
474 83
475 82
476 81
477 80
478 79
479 78
480 77
481 76
482 75
483 74
484 73
485 72
486 71
487 70
488 69
489 68
490 67
491 66
492 65
493 64
494 63
495 62
496 61
497 60
498 59
499 58
500 57
501 56
502 55
503 54
504 53
505 52
506 51
507 50
508 49
509 48
510 47
511 46
512 45
513 44
514 43
515 42
516 41
517 40
518 39
519 38
520 37
521 36
522 35
523 34
524 33
525 32
526 31
527 30
528 29
529 28
530 87
531 86
532 85
533 84
534 83
535 82
536 81
537 80
538 79
539 78
540 77
541 76
542 75
543 74
544 73
545 72
546 71
547 70
548 69
549 68
550 67
551 66
552 65
553 64
554 63
555 62
556 61
557 60
558 59
559 58
560 57
561 56
562 55
563 54
564 53
565 52
566 51
567 50
568 49
569 48
570 47
571 46
572 45
573 44
574 43
575 42
576 41
577 40
578 39
579 38
580 37
581 36
582 35
583 34
584 33
585 32
586 31
587 30
588 29
589 28
590 87
591 86
592 85
593 84
594 83
595 82
596 81
597 80
598 79
599 78
600 77
601 76
602 75
603 74
604 73
605 72
606 71
607 70
608 69
609 68
610 67
611 66
612 65
613 64
614 63
615 62
616 61
617 60
618 59
619 58
620 57
621 56
622 55
623 54
624 53
625 52
626 51
627 50
628 49
629 48
630 47
631 46
632 45
633 44
634 43
635 42
636 41
637 40
638 39
639 38
640 37
641 36
642 35
643 34
644 33
645 32
646 31
647 30
648 29
649 28
650 87
651 86
652 85
653 84
654 83
655 82
656 81
657 80
658 79
659 78
660 77
661 76
662 75
663 74
664 73
665 72
666 71
667 70
668 69
669 68
670 67
671 66
672 65
673 64
674 63
675 62
676 61
677 60
678 59
679 58
680 57
681 56
682 55
683 54
684 53
685 52
686 51
687 50
688 49
689 48
690 47
691 46
692 45
693 44
694 43
695 42
696 41
697 40
698 39
699 38
700 37
701 36
702 35
703 34
704 33
705 32
706 31
707 30
708 29
709 28
710 87
711 86
712 85
713 84
714 83
715 82
716 81
717 80
718 79
719 78
720 77
721 76
722 75
723 74
724 73
725 72
726 71
727 70
728 69
729 68
730 67
731 66
732 65
733 64
734 63
735 62
736 61
737 60
738 59
739 58
740 57
741 56
742 55
743 54
744 53
745 52
746 51
747 50
748 49
749 48
750 47
751 46
752 45
753 44
754 43
755 42
756 41
757 40
758 39
759 38
760 37
761 36
762 35
763 34
764 33
765 32
766 31
767 30
768 29
769 28
770 87
771 86
772 85
773 84
774 83
775 82
776 81
777 80
778 79
779 78
780 77
781 76
782 75
783 74
784 73
785 72
786 71
787 70
788 69
789 68
790 67
791 66
792 65
793 64
794 63
795 62
796 61
797 60
798 59
799 58
800 57
801 56
802 55
803 54
804 53
805 52
806 51
807 50
808 49
809 48
810 47
811 46
812 45
813 44
814 43
815 42
816 41
817 40
818 39
819 38
820 37
821 36
822 35
823 34
824 33
825 32
826 31
827 30
828 29
829 28
830 87
831 86
832 85
833 84
834 83
835 82
836 81
837 80
838 79
839 78
840 77
841 76
842 75
843 74
844 73
845 72
846 71
847 70
848 69
849 68
850 67
851 66
852 65
853 64
854 63
855 62
856 61
857 60
858 59
859 58
860 57
861 56
862 55
863 54
864 53
865 52
866 51
867 50
868 49
869 48
870 47
871 46
872 45
873 44
874 43
875 42
876 41
877 40
878 39
879 38
880 37
881 36
882 35
883 34
884 33
885 32
886 31
887 30
888 29
889 28
890 87
891 86
892 85
893 84
894 83
895 82
896 81
897 80
898 79
899 78
900 77
901 76
902 75
903 74
904 73
905 72
906 71
907 70
908 69
909 68
910 67
911 66
912 65
913 64
914 63
915 62
916 61
917 60
918 59
919 58
920 57
921 56
922 55
923 54
924 53
925 52
926 51
927 50
928 49
929 48
930 47
931 46
932 45
933 44
934 43
935 42
936 41
937 40
938 39
939 38
940 37
941 36
942 35
943 34
944 33
945 32
946 31
947 30
948 29
949 28
950 87
951 86
952 85
953 84
954 83
955 82
956 81
957 80
958 79
959 78
960 77
961 76
962 75
963 74
964 73
965 72
966 71
967 70
968 69
969 68
970 67
971 66
972 65
973 64
974 63
975 62
976 61
977 60
978 59
979 58
980 57
981 56
982 55
983 54
984 53
985 52
986 51
987 50
988 49
989 48
990 47
991 46
992 45
993 44
994 43
995 42
996 41
997 40
998 39
999 38
1000 37
1001 36
1002 35
1003 34
1004 33
1005 32
1006 31
1007 30
1008 29
1009 28
1010 87
1011 86
1012 85
1013 84
1014 83
1015 82
1016 81
1017 80
1018 79
1019 78
1020 77
1021 76
1022 75
1023 74
1024 73
1025 72
1026 71
1027 70
1028 69
1029 68
1030 67
1031 66
1032 65
1033 64
1034 63
1035 62
1036 61
1037 60
1038 59
1039 58
1040 57
1041 56
1042 55
1043 54
1044 53
1045 52
1046 51
1047 50
1048 49
1049 48
1050 47
1051 46
1052 45
1053 44
1054 43
1055 42
1056 41
1057 40
1058 39
1059 38
1060 37
1061 36
1062 35
1063 34
1064 33
1065 32
1066 31
1067 30
1068 29
1069 28
1070 87
1071 86
1072 85
1073 84
1074 83
1075 82
1076 81
1077 80
1078 79
1079 78
1080 77
1081 76
1082 75
1083 74
1084 73
1085 72
1086 71
1087 70
1088 69
1089 68
1090 67
1091 66
1092 65
1093 64
1094 63
1095 62
1096 61
1097 60
1098 59
1099 58
1100 57
1101 56
1102 55
1103 54
1104 53
1105 52
1106 51
1107 50
1108 49
1109 48
1110 47
1111 46
1112 45
1113 44
1114 43
1115 42
1116 41
1117 40
1118 39
1119 38
1120 37
1121 36
1122 35
1123 34
1124 33
1125 32
1126 31
1127 30
1128 29
1129 28
1130 87
1131 86
1132 85
1133 84
1134 83
1135 82
1136 81
1137 80
1138 79
1139 78
1140 77
1141 76
1142 75
1143 74
1144 73
1145 72
1146 71
1147 70
1148 69
1149 68
1150 67
1151 66
1152 65
1153 64
1154 63
1155 62
1156 61
1157 60
1158 59
1159 58
1160 57
1161 56
1162 55
1163 54
1164 53
1165 52
1166 51
1167 50
1168 49
1169 48
1170 47
1171 46
1172 45
1173 44
1174 43
1175 42
1176 41
1177 40
1178 39
1179 38
1180 37
1181 36
1182 35
1183 34
1184 33
1185 32
1186 31
1187 30
1188 29
1189 28
1190 87
1191 86
1192 85
1193 84
1194 83
1195 82
1196 81
1197 80
1198 79
1199 78
1200 77
1201 76
1202 75
1203 74
1204 73
1205 72
1206 71
1207 70
1208 69
1209 68
1210 67
1211 66
1212 65
1213 64
1214 63
1215 62
1216 61
1217 60
1218 59
1219 58
1220 57
1221 56
1222 55
1223 54
1224 53
1225 52
1226 51
1227 50
1228 49
1229 48
1230 47
1231 46
1232 45
1233 44
1234 43
1235 42
1236 41
1237 40
1238 39
1239 38
1240 37
1241 36
1242 35
1243 34
1244 33
1245 32
1246 31
1247 30
1248 29
1249 28
1250 87
1251 86
1252 85
1253 84
1254 83
1255 82
1256 81
1257 80
1258 79
1259 78
1260 77
1261 76
1262 75
1263 74
1264 73
1265 72
1266 71
1267 70
1268 69
1269 68
1270 67
1271 66
1272 65
1273 64
1274 63
1275 62
1276 61
1277 60
1278 59
1279 58
1280 57
1281 56
1282 55
1283 54
1284 53
1285 52
1286 51
1287 50
1288 49
1289 48
1290 47
1291 46
1292 45
1293 44
1294 43
1295 42
1296 41
1297 40
1298 39
1299 38
1300 37
1301 36
1302 35
1303 34
1304 33
1305 32
1306 31
1307 30
1308 29
1309 28
1310 87
1311 86
1312 85
1313 84
1314 83
1315 82
1316 81
1317 80
1318 79
1319 78
1320 77
1321 76
1322 75
1323 74
1324 73
1325 72
1326 71
1327 70
1328 69
1329 68
1330 67
1331 66
1332 65
1333 64
1334 63
1335 62
1336 61
1337 60
1338 59
1339 58
1340 57
1341 56
1342 55
1343 54
1344 53
1345 52
1346 51
1347 50
1348 49
1349 48
1350 47
1351 46
1352 45
1353 44
1354 43
1355 42
1356 41
1357 40
1358 39
1359 38
1360 37
1361 36
1362 35
1363 34
1364 33
1365 32
1366 31
1367 30
1368 29
1369 28
1370 87
1371 86
1372 85
1373 84
1374 83
1375 82
1376 81
1377 80
1378 79
1379 78
1380 77
1381 76
1382 75
1383 74
1384 73
1385 72
1386 71
1387 70
1388 69
1389 68
1390 67
1391 66
1392 65
1393 64
1394 63
1395 62
1396 61
1397 60
1398 59
1399 58
1400 57
1401 56
1402 55
1403 54
1404 53
1405 52
1406 51
1407 50
1408 49
1409 48
1410 47
1411 46
1412 45
1413 44
1414 43
1415 42
1416 41
1417 40
1418 39
1419 38
1420 37
1421 36
1422 35
1423 34
1424 33
1425 32
1426 31
1427 30
1428 29
1429 28
1430 87
1431 86
1432 85
1433 84
1434 83
1435 82
1436 81
1437 80
1438 79
1439 78
1440 77
1441 76
1442 75
1443 74
1444 73
1445 72
1446 71
1447 70
1448 69
1449 68
1450 67
1451 66
1452 65
1453 64
1454 63
1455 62
1456 61
1457 60
1458 59
1459 58
1460 57
1461 56
1462 55
1463 54
1464 53
1465 52
1466 51
1467 50
1468 49
1469 48
1470 47
1471 46
1472 45
1473 44
1474 43
1475 42
1476 41
1477 40
1478 39
1479 38
1480 37
1481 36
1482 35
1483 34
1484 33
1485 32
1486 31
1487 30
1488 29
1489 28
1490 87
1491 86
1492 85
1493 84
1494 83
1495 82
1496 81
1497 80
1498 79
1499 78
1500 77
1501 76
1502 75
1503 74
1504 73
1505 72
1506 71
1507 70
1508 69
1509 68
1510 67
1511 66
1512 65
1513 64
1514 63
1515 62
1516 61
1517 60
1518 59
1519 58
1520 57
1521 56
1522 55
1523 54
1524 53
1525 52
1526 51
1527 50
1528 49
1529 48
1530 47
1531 46
1532 45
1533 44
1534 43
1535 42
1536 41
1537 40
1538 39
1539 38
1540 37
1541 36
1542 35
1543 34
1544 33
1545 32
1546 31
1547 30
1548 29
1549 28
1550 87
1551 86
1552 85
1553 84
1554 83
1555 82
1556 81
1557 80
1558 79
1559 78
1560 77
1561 76
1562 75
1563 74
1564 73
1565 72
1566 71
1567 70
1568 69
1569 68
1570 67
1571 66
1572 65
1573 64
1574 63
1575 62
1576 61
1577 60
1578 59
1579 58
1580 57
1581 56
1582 55
1583 54
1584 53
1585 52
1586 51
1587 50
1588 49
1589 48
1590 47
1591 46
1592 45
1593 44
1594 43
1595 42
1596 41
1597 40
1598 39
1599 38
1600 37
1601 36
1602 35
1603 34
1604 33
1605 32
1606 31
1607 30
1608 29
1609 28
1610 87
1611 86
1612 85
1613 84
1614 83
1615 82
1616 81
1617 80
1618 79
1619 78
1620 77
1621 76
1622 75
1623 74
1624 73
1625 72
1626 71
1627 70
1628 69
1629 68
1630 67
1631 66
1632 65
1633 64
1634 63
1635 62
1636 61
1637 60
1638 59
1639 58
1640 57
1641 56
1642 55
1643 54
1644 53
1645 52
1646 51
1647 50
1648 49
1649 48
1650 47
1651 46
1652 45
1653 44
1654 43
1655 42
1656 41
1657 40
1658 39
1659 38
1660 37
1661 36
1662 35
1663 34
1664 33
1665 32
1666 31
1667 30
1668 29
1669 28
1670 87
1671 86
1672 85
1673 84
1674 83
1675 82
1676 81
1677 80
1678 79
1679 78
1680 77
1681 76
1682 75
1683 74
1684 73
1685 72
1686 71
1687 70
1688 69
1689 68
1690 67
1691 66
1692 65
1693 64
1694 63
1695 62
1696 61
1697 60
1698 59
1699 58
1700 57
1701 56
1702 55
1703 54
1704 53
1705 52
1706 51
1707 50
1708 49
1709 48
1710 47
1711 46
1712 45
1713 44
1714 43
1715 42
1716 41
1717 40
1718 39
1719 38
1720 37
1721 36
1722 35
1723 34
1724 33
1725 32
1726 31
1727 30
1728 29
1729 28
1730 87
1731 86
1732 85
1733 84
1734 83
1735 82
1736 81
1737 80
1738 79
1739 78
1740 77
1741 76
1742 75
1743 74
1744 73
1745 72
1746 71
1747 70
1748 69
1749 68
1750 67
1751 66
1752 65
1753 64
1754 63
1755 62
1756 61
1757 60
1758 59
1759 58
1760 57
1761 56
1762 55
1763 54
1764 53
1765 52
1766 51
1767 50
1768 49
1769 48
1770 47
1771 46
1772 45
1773 44
1774 43
1775 42
1776 41
1777 40
1778 39
1779 38
1780 37
1781 36
1782 35
1783 34
1784 33
1785 32
1786 31
1787 30
1788 29
1789 28
1790 87
1791 86
1792 85
1793 84
1794 83
1795 82
1796 81
1797 80
1798 79
1799 78
1800 77
1801 76
1802 75
1803 74
1804 73
1805 72
1806 71
1807 70
1808 69
1809 68
1810 67
1811 66
1812 65
1813 64
1814 63
1815 62
1816 61
1817 60
1818 59
1819 58
1820 57
1821 56
1822 55
1823 54
1824 53
1825 52
1826 51
1827 50
1828 49
1829 48
1830 47
1831 46
1832 45
1833 44
1834 43
1835 42
1836 41
1837 40
1838 39
1839 38
1840 37
1841 36
1842 35
1843 34
1844 33
1845 32
1846 31
1847 30
1848 29
1849 28
1850 87
1851 86
1852 85
1853 84
1854 83
1855 82
1856 81
1857 80
1858 79
1859 78
1860 77
1861 76
1862 75
1863 74
1864 73
1865 72
1866 71
1867 70
1868 69
1869 68
1870 67
1871 66
1872 65
1873 64
1874 63
1875 62
1876 61
1877 60
1878 59
1879 58
1880 57
1881 56
1882 55
1883 54
1884 53
1885 52
1886 51
1887 50
1888 49
1889 48
1890 47
1891 46
1892 45
1893 44
1894 43
1895 42
1896 41
1897 40
1898 39
1899 38
1900 37
1901 36
1902 35
1903 34
1904 33
1905 32
1906 31
1907 30
1908 29
1909 28
1910 87
1911 86
1912 85
1913 84
1914 83
1915 82
1916 81
1917 80
1918 79
1919 78
1920 77
1921 76
1922 75
1923 74
1924 73
1925 72
1926 71
1927 70
1928 69
1929 68
1930 67
1931 66
1932 65
1933 64
1934 63
1935 62
1936 61
1937 60
1938 59
1939 58
1940 57
1941 56
1942 55
1943 54
1944 53
1945 52
1946 51
1947 50
1948 49
1949 48
1950 47
1951 46
1952 45
1953 44
1954 43
1955 42
1956 41
1957 40
1958 39
1959 38
1960 37
1961 36
1962 35
1963 34
1964 33
1965 32
1966 31
1967 30
1968 29
1969 28
1970 87
1971 86
1972 85
1973 84
1974 83
1975 82
1976 81
1977 80
1978 79
1979 78
1980 77
1981 76
1982 75
1983 74
1984 73
1985 72
1986 71
1987 70
1988 69
1989 68
1990 67
1991 66
1992 65
1993 64
1994 63
1995 62
1996 61
1997 60
1998 59
1999 58
2000 57
2001 56
2002 55
2003 54
2004 53
2005 52
2006 51
2007 50
2008 49
2009 48
2010 47
2011 46
2012 45
2013 44
2014 43
2015 42
2016 41
2017 40
2018 39
2019 38
2020 37
2021 36
2022 35
2023 34
2024 33
2025 32
2026 31
2027 30
2028 29
2029 28
2030 87
2031 86
2032 85
2033 84
2034 83
2035 82
2036 81
2037 80
2038 79
2039 78
2040 77
2041 76
2042 75
2043 74
2044 73
2045 72
2046 71
2047 70
2048 69
2049 68
2050 67
2051 66
2052 65
2053 64
2054 63
2055 62
2056 61
2057 60
2058 59
2059 58
2060 57
2061 56
2062 55
2063 54
2064 53
2065 52
2066 51
2067 50
2068 49
2069 48
2070 47
2071 46
2072 45
2073 44
2074 43
2075 42
2076 41
2077 40
2078 39
2079 38
2080 37
2081 36
2082 35
2083 34
2084 33
2085 32
2086 31
2087 30
2088 29
2089 28
2090 87
2091 86
2092 85
2093 84
2094 83
2095 82
2096 81
2097 80
2098 79
2099 78
2100 77
2101 76
2102 75
2103 74
2104 73
2105 72
2106 71
2107 70
2108 69
2109 68
2110 67
2111 66
2112 65
2113 64
2114 63
2115 62
2116 61
2117 60
2118 59
2119 58
2120 57
2121 56
2122 55
2123 54
2124 53
2125 52
2126 51
2127 50
2128 49
2129 48
2130 47
2131 46
2132 45
2133 44
2134 43
2135 42
2136 41
2137 40
2138 39
2139 38
2140 37
2141 36
2142 35
2143 34
2144 33
2145 32
2146 31
2147 30
2148 29
2149 28
2150 87
2151 86
2152 85
2153 84
2154 83
2155 82
2156 81
2157 80
2158 79
2159 78
2160 77
2161 76
2162 75
2163 74
2164 73
2165 72
2166 71
2167 70
2168 69
2169 68
2170 67
2171 66
2172 65
2173 64
2174 63
2175 62
2176 61
2177 60
2178 59
2179 58
2180 57
2181 56
2182 55
2183 54
2184 53
2185 52
2186 51
2187 50
2188 49
2189 48
2190 47
2191 46
2192 45
2193 44
2194 43
2195 42
2196 41
2197 40
2198 39
2199 38
2200 37
2201 36
2202 35
2203 34
2204 33
2205 32
2206 31
2207 30
2208 29
2209 28
2210 87
2211 86
2212 85
2213 84
2214 83
2215 82
2216 81
2217 80
2218 79
2219 78
2220 77
2221 76
2222 75
2223 74
2224 73
2225 72
2226 71
2227 70
2228 69
2229 68
2230 67
2231 66
2232 65
2233 64
2234 63
2235 62
2236 61
2237 60
2238 59
2239 58
2240 57
2241 56
2242 55
2243 54
2244 53
2245 52
2246 51
2247 50
2248 49
2249 48
2250 47
2251 46
2252 45
2253 44
2254 43
2255 42
2256 41
2257 40
2258 39
2259 38
2260 37
2261 36
2262 35
2263 34
2264 33
2265 32
2266 31
2267 30
2268 29
2269 28
2270 87
2271 86
2272 85
2273 84
2274 83
2275 82
2276 81
2277 80
2278 79
2279 78
2280 77
2281 76
2282 75
2283 74
2284 73
2285 72
2286 71
2287 70
2288 69
2289 68
2290 67
2291 66
2292 65
2293 64
2294 63
2295 62
2296 61
2297 60
2298 59
2299 58
2300 57
2301 56
2302 55
2303 54
2304 53
2305 52
2306 51
2307 50
2308 49
2309 48
2310 47
2311 46
2312 45
2313 44
2314 43
2315 42
2316 41
2317 40
2318 39
2319 38
2320 37
2321 36
2322 35
2323 34
2324 33
2325 32
2326 31
2327 30
2328 29
2329 58
2330 57
2331 56
2332 55
2333 54
2334 53
2335 52
2336 51
2337 50
2338 49
2339 48
2340 47
2341 46
2342 45
2343 44
2344 43
2345 42
2346 41
2347 40
2348 39
2349 38
2350 37
2351 36
2352 35
2353 34
2354 33
2355 32
2356 31
2357 30
2358 29
2359 58
2360 57
2361 56
2362 55
2363 54
2364 53
2365 52
2366 51
2367 50
2368 49
2369 48
2370 47
2371 46
2372 45
2373 44
2374 43
2375 42
2376 41
2377 40
2378 39
2379 38
2380 37
2381 36
2382 35
2383 34
2384 33
2385 32
2386 31
2387 30
2388 29
2389 58
2390 57
2391 56
2392 55
2393 54
2394 53
2395 52
2396 51
2397 50
2398 49
2399 48
2400 47
2401 46
2402 45
2403 44
2404 43
2405 42
2406 41
2407 40
2408 39
2409 38
2410 37
2411 36
2412 35
2413 34
2414 33
2415 32
2416 31
2417 30
2418 29
2419 58
2420 57
2421 56
2422 55
2423 54
2424 53
2425 52
2426 51
2427 50
2428 49
2429 48
2430 47
2431 46
2432 45
2433 44
2434 43
2435 42
2436 41
2437 40
2438 39
2439 38
2440 37
2441 36
2442 35
2443 34
2444 33
2445 32
2446 31
2447 30
2448 29
2449 58
2450 57
2451 56
2452 55
2453 54
2454 53
2455 52
2456 51
2457 50
2458 49
2459 48
2460 47
2461 46
2462 45
2463 44
2464 43
2465 42
2466 41
2467 40
2468 39
2469 38
2470 37
2471 36
2472 35
2473 34
2474 33
2475 32
2476 31
2477 30
2478 29
2479 58
2480 57
2481 56
2482 55
2483 54
2484 53
2485 52
2486 51
2487 50
2488 49
2489 48
2490 47
2491 46
2492 45
2493 44
2494 43
2495 42
2496 41
2497 40
2498 39
2499 38
2500 37
2501 36
2502 35
2503 34
2504 33
2505 32
2506 31
2507 30
2508 29
2509 58
2510 57
2511 56
2512 55
2513 54
2514 53
2515 52
2516 51
2517 50
2518 49
2519 48
2520 47
2521 46
2522 45
2523 44
2524 43
2525 42
2526 41
2527 40
2528 39
2529 38
2530 37
2531 36
2532 35
2533 34
2534 33
2535 32
2536 31
2537 30
2538 29
2539 58
2540 57
2541 56
2542 55
2543 54
2544 53
2545 52
2546 51
2547 50
2548 49
2549 48
2550 47
2551 46
2552 45
2553 44
2554 43
2555 42
2556 41
2557 40
2558 39
2559 38
2560 37
2561 36
2562 35
2563 34
2564 33
2565 32
2566 31
2567 30
2568 29
2569 58
2570 57
2571 56
2572 55
2573 54
2574 53
2575 52
2576 51
2577 50
2578 49
2579 48
2580 47
2581 46
2582 45
2583 44
2584 43
2585 42
2586 41
2587 40
2588 39
2589 38
2590 37
2591 36
2592 35
2593 34
2594 33
2595 32
2596 31
2597 30
2598 29
2599 58
2600 57
2601 56
2602 55
2603 54
2604 53
2605 52
2606 51
2607 50
2608 49
2609 48
2610 47
2611 46
2612 45
2613 44
2614 43
2615 42
2616 41
2617 40
2618 39
2619 38
2620 37
2621 36
2622 35
2623 34
2624 33
2625 32
2626 31
2627 30
2628 29
2629 58
2630 57
2631 56
2632 55
2633 54
2634 53
2635 52
2636 51
2637 50
2638 49
2639 48
2640 47
2641 46
2642 45
2643 44
2644 43
2645 42
2646 41
2647 40
2648 39
2649 38
2650 37
2651 36
2652 35
2653 34
2654 33
2655 32
2656 31
2657 30
2658 29
2659 58
2660 57
2661 56
2662 55
2663 54
2664 53
2665 52
2666 51
2667 50
2668 49
2669 48
2670 47
2671 46
2672 45
2673 44
2674 43
2675 42
2676 41
2677 40
2678 39
2679 38
2680 37
2681 36
2682 35
2683 34
2684 33
2685 32
2686 31
2687 30
2688 29
2689 58
2690 57
2691 56
2692 55
2693 54
2694 53
2695 52
2696 51
2697 50
2698 49
2699 48
2700 47
2701 46
2702 45
2703 44
2704 43
2705 42
2706 41
2707 40
2708 39
2709 38
2710 37
2711 36
2712 35
2713 34
2714 33
2715 32
2716 31
2717 30
2718 29
2719 58
2720 57
2721 56
2722 55
2723 54
2724 53
2725 52
2726 51
2727 50
2728 49
2729 48
2730 47
2731 46
2732 45
2733 44
2734 43
2735 42
2736 41
2737 40
2738 39
2739 38
2740 37
2741 36
2742 35
2743 34
2744 33
2745 32
2746 31
2747 30
2748 29
2749 58
2750 57
2751 56
2752 55
2753 54
2754 53
2755 52
2756 51
2757 50
2758 49
2759 48
2760 47
2761 46
2762 45
2763 44
2764 43
2765 42
2766 41
2767 40
2768 39
2769 38
2770 37
2771 36
2772 35
2773 34
2774 33
2775 32
2776 31
2777 30
2778 29
2779 58
2780 57
2781 56
2782 55
2783 54
2784 53
2785 52
2786 51
2787 50
2788 49
2789 48
2790 47
2791 46
2792 45
2793 44
2794 43
2795 42
2796 41
2797 40
2798 39
2799 38
2800 37
2801 36
2802 35
2803 34
2804 33
2805 32
2806 31
2807 30
2808 29
2809 58
2810 57
2811 56
2812 55
2813 54
2814 53
2815 52
2816 51
2817 50
2818 49
2819 48
2820 47
2821 46
2822 45
2823 44
2824 43
2825 42
2826 41
2827 40
2828 39
2829 38
2830 37
2831 36
2832 35
2833 34
2834 33
2835 32
2836 31
2837 30
2838 29
2839 58
2840 57
2841 56
2842 55
2843 54
2844 53
2845 52
2846 51
2847 50
2848 49
2849 48
2850 47
2851 46
2852 45
2853 44
2854 43
2855 42
2856 41
2857 40
2858 39
2859 38
2860 37
2861 36
2862 35
2863 34
2864 33
2865 32
2866 31
2867 30
2868 29
2869 58
2870 57
2871 56
2872 55
2873 54
2874 53
2875 52
2876 51
2877 50
2878 49
2879 48
2880 47
2881 46
2882 45
2883 44
2884 43
2885 42
2886 41
2887 40
2888 39
2889 38
2890 37
2891 36
2892 35
2893 34
2894 33
2895 32
2896 31
2897 30
2898 29
2899 58
2900 57
2901 56
2902 55
2903 54
2904 53
2905 52
2906 51
2907 50
2908 49
2909 48
2910 47
2911 46
2912 45
2913 44
2914 43
2915 42
2916 41
2917 40
2918 39
2919 38
2920 37
2921 36
2922 35
2923 34
2924 33
2925 32
2926 31
2927 30
2928 29
2929 58
2930 57
2931 56
2932 55
2933 54
2934 53
2935 52
2936 51
2937 50
2938 49
2939 48
2940 47
2941 46
2942 45
2943 44
2944 43
2945 42
2946 41
2947 40
2948 39
2949 38
2950 37
2951 36
2952 35
2953 34
2954 33
2955 32
2956 31
2957 30
2958 29
2959 58
2960 57
2961 56
2962 55
2963 54
2964 53
2965 52
2966 51
2967 50
2968 49
2969 48
2970 47
2971 46
2972 45
2973 44
2974 43
2975 42
2976 41
2977 40
2978 39
2979 38
2980 37
2981 36
2982 35
2983 34
2984 33
2985 32
2986 31
2987 30
2988 29
2989 58
2990 57
2991 56
2992 55
2993 54
2994 53
2995 52
2996 51
2997 50
2998 49
2999 48
3000 47
3001 46
3002 45
3003 44
3004 43
3005 42
3006 41
3007 40
3008 39
3009 38
3010 37
3011 36
3012 35
3013 34
3014 33
3015 32
3016 31
3017 30
3018 29
3019 58
3020 57
3021 56
3022 55
3023 54
3024 53
3025 52
3026 51
3027 50
3028 49
3029 48
3030 47
3031 46
3032 45
3033 44
3034 43
3035 42
3036 41
3037 40
3038 39
3039 38
3040 37
3041 36
3042 35
3043 34
3044 33
3045 32
3046 31
3047 30
3048 29
3049 58
3050 57
3051 56
3052 55
3053 54
3054 53
3055 52
3056 51
3057 50
3058 49
3059 48
3060 47
3061 46
3062 45
3063 44
3064 43
3065 42
3066 41
3067 40
3068 39
3069 38
3070 37
3071 36
3072 35
3073 34
3074 33
3075 32
3076 31
3077 30
3078 29
3079 58
3080 57
3081 56
3082 55
3083 54
3084 53
3085 52
3086 51
3087 50
3088 49
3089 48
3090 47
3091 46
3092 45
3093 44
3094 43
3095 42
3096 41
3097 40
3098 39
3099 38
3100 37
3101 36
3102 35
3103 34
3104 33
3105 32
3106 31
3107 30
3108 29
3109 58
3110 57
3111 56
3112 55
3113 54
3114 53
3115 52
3116 51
3117 50
3118 49
3119 48
3120 47
3121 46
3122 45
3123 44
3124 43
3125 42
3126 41
3127 40
3128 39
3129 38
3130 37
3131 36
3132 35
3133 34
3134 33
3135 32
3136 31
3137 30
3138 29
3139 58
3140 57
3141 56
3142 55
3143 54
3144 53
3145 52
3146 51
3147 50
3148 49
3149 48
3150 47
3151 46
3152 45
3153 44
3154 43
3155 42
3156 41
3157 40
3158 39
3159 38
3160 37
3161 36
3162 35
3163 34
3164 33
3165 32
3166 31
3167 30
3168 29
3169 58
3170 57
3171 56
3172 55
3173 54
3174 53
3175 52
3176 51
3177 50
3178 49
3179 48
3180 47
3181 46
3182 45
3183 44
3184 43
3185 42
3186 41
3187 40
3188 39
3189 38
3190 37
3191 36
3192 35
3193 34
3194 33
3195 32
3196 31
3197 30
3198 29
3199 58
3200 57
3201 56
3202 55
3203 54
3204 53
3205 52
3206 51
3207 50
3208 49
3209 48
3210 47
3211 46
3212 45
3213 44
3214 43
3215 42
3216 41
3217 40
3218 39
3219 38
3220 37
3221 36
3222 35
3223 34
3224 33
3225 32
3226 31
3227 30
3228 29
3229 58
3230 57
3231 56
3232 55
3233 54
3234 53
3235 52
3236 51
3237 50
3238 49
3239 48
3240 47
3241 46
3242 45
3243 44
3244 43
3245 42
3246 41
3247 40
3248 39
3249 38
3250 37
3251 36
3252 35
3253 34
3254 33
3255 32
3256 31
3257 30
3258 29
3259 58
3260 57
3261 56
3262 55
3263 54
3264 53
3265 52
3266 51
3267 50
3268 49
3269 48
3270 47
3271 46
3272 45
3273 44
3274 43
3275 42
3276 41
3277 40
3278 39
3279 38
3280 37
3281 36
3282 35
3283 34
3284 33
3285 32
3286 31
3287 30
3288 29
3289 58
3290 57
3291 56
3292 55
3293 54
3294 53
3295 52
3296 51
3297 50
3298 49
3299 48
3300 47
3301 46
3302 45
3303 44
3304 43
3305 42
3306 41
3307 40
3308 39
3309 38
3310 37
3311 36
3312 35
3313 34
3314 33
3315 32
3316 31
3317 30
3318 29
3319 58
3320 57
3321 56
3322 55
3323 54
3324 53
3325 52
3326 51
3327 50
3328 49
3329 48
3330 47
3331 46
3332 45
3333 44
3334 43
3335 42
3336 41
3337 40
3338 39
3339 38
3340 37
3341 36
3342 35
3343 34
3344 33
3345 32
3346 31
3347 30
3348 29
3349 58
3350 57
3351 56
3352 55
3353 54
3354 53
3355 52
3356 51
3357 50
3358 49
3359 48
3360 47
3361 46
3362 45
3363 44
3364 43
3365 42
3366 41
3367 40
3368 39
3369 38
3370 37
3371 36
3372 35
3373 34
3374 33
3375 32
3376 31
3377 30
3378 29
3379 58
3380 57
3381 56
3382 55
3383 54
3384 53
3385 52
3386 51
3387 50
3388 49
3389 48
3390 47
3391 46
3392 45
3393 44
3394 43
3395 42
3396 41
3397 40
3398 39
3399 38
3400 37
3401 36
3402 35
3403 34
3404 33
3405 32
3406 31
3407 30
3408 29
3409 58
3410 57
3411 56
3412 55
3413 54
3414 53
3415 52
3416 51
3417 50
3418 49
3419 48
3420 47
3421 46
3422 45
3423 44
3424 43
3425 42
3426 41
3427 40
3428 39
3429 38
3430 37
3431 36
3432 35
3433 34
3434 33
3435 32
3436 31
3437 30
3438 29
3439 58
3440 57
3441 56
3442 55
3443 54
3444 53
3445 52
3446 51
3447 50
3448 49
3449 48
3450 47
3451 46
3452 45
3453 44
3454 43
3455 42
3456 41
3457 40
3458 39
3459 38
3460 37
3461 36
3462 35
3463 34
3464 33
3465 32
3466 31
3467 30
3468 29
3469 58
3470 57
3471 56
3472 55
3473 54
3474 53
3475 52
3476 51
3477 50
3478 49
3479 48
3480 47
3481 46
3482 45
3483 44
3484 43
3485 42
3486 41
3487 40
3488 39
3489 38
3490 37
3491 36
3492 35
3493 34
3494 33
3495 32
3496 31
3497 30
3498 29
3499 58
3500 57
3501 56
3502 55
3503 54
3504 53
3505 52
3506 51
3507 50
3508 49
3509 48
3510 47
3511 46
3512 45
3513 44
3514 43
3515 42
3516 41
3517 40
3518 39
3519 38
3520 37
3521 36
3522 35
3523 34
3524 33
3525 32
3526 31
3527 30
3528 29
3529 58
3530 57
3531 56
3532 55
3533 54
3534 53
3535 52
3536 51
3537 50
3538 49
3539 48
3540 47
3541 46
3542 45
3543 44
3544 43
3545 42
3546 41
3547 40
3548 39
3549 38
3550 37
3551 36
3552 35
3553 34
3554 33
3555 32
3556 31
3557 30
3558 29
3559 58
3560 57
3561 56
3562 55
3563 54
3564 53
3565 52
3566 51
3567 50
3568 49
3569 48
3570 47
3571 46
3572 45
3573 44
3574 43
3575 42
3576 41
3577 40
3578 39
3579 38
3580 37
3581 36
3582 35
3583 34
3584 33
3585 32
3586 31
3587 30
3588 29
3589 58
3590 57
3591 56
3592 55
3593 54
3594 53
3595 52
3596 51
3597 50
3598 49
3599 48
3600 47
3601 46
3602 45
3603 44
3604 43
3605 42
3606 41
3607 40
3608 39
3609 38
3610 37
3611 36
3612 35
3613 34
3614 33
3615 32
3616 31
3617 30
3618 29
3619 58
3620 57
3621 56
3622 55
3623 54
3624 53
3625 52
3626 51
3627 50
3628 49
3629 48
3630 47
3631 46
3632 45
3633 44
3634 43
3635 42
3636 41
3637 40
3638 39
3639 38
3640 37
3641 36
3642 35
3643 34
3644 33
3645 32
3646 31
3647 30
3648 29
3649 58
3650 57
3651 56
3652 55
3653 54
3654 53
3655 52
3656 51
3657 50
3658 49
3659 48
3660 47
3661 46
3662 45
3663 44
3664 43
3665 42
3666 41
3667 40
3668 39
3669 38
3670 37
3671 36
3672 35
3673 34
3674 33
3675 32
3676 31
3677 30
3678 29
3679 58
3680 57
3681 56
3682 55
3683 54
3684 53
3685 52
3686 51
3687 50
3688 49
3689 48
3690 47
3691 46
3692 45
3693 44
3694 43
3695 42
3696 41
3697 40
3698 39
3699 38
3700 37
3701 36
3702 35
3703 34
3704 33
3705 32
3706 31
3707 30
3708 29
3709 58
3710 57
3711 56
3712 55
3713 54
3714 53
3715 52
3716 51
3717 50
3718 49
3719 48
3720 47
3721 46
3722 45
3723 44
3724 43
3725 42
3726 41
3727 40
3728 39
3729 38
3730 37
3731 36
3732 35
3733 34
3734 33
3735 32
3736 31
3737 30
3738 29
3739 58
3740 57
3741 56
3742 55
3743 54
3744 53
3745 52
3746 51
3747 50
3748 49
3749 48
3750 47
3751 46
3752 45
3753 44
3754 43
3755 42
3756 41
3757 40
3758 39
3759 38
3760 37
3761 36
3762 35
3763 34
3764 33
3765 32
3766 31
3767 30
3768 29
3769 58
3770 57
3771 56
3772 55
3773 54
3774 53
3775 52
3776 51
3777 50
3778 49
3779 48
3780 47
3781 46
3782 45
3783 44
3784 43
3785 42
3786 41
3787 40
3788 39
3789 38
3790 37
3791 36
3792 35
3793 34
3794 33
3795 32
3796 31
3797 30
3798 29
3799 58
3800 57
3801 56
3802 55
3803 54
3804 53
3805 52
3806 51
3807 50
3808 49
3809 48
3810 47
3811 46
3812 45
3813 44
3814 43
3815 42
3816 41
3817 40
3818 39
3819 38
3820 37
3821 36
3822 35
3823 34
3824 33
3825 32
3826 31
3827 30
3828 29
3829 58
3830 57
3831 56
3832 55
3833 54
3834 53
3835 52
3836 51
3837 50
3838 49
3839 48
3840 47
3841 46
3842 45
3843 44
3844 43
3845 42
3846 41
3847 40
3848 39
3849 38
3850 37
3851 36
3852 35
3853 34
3854 33
3855 32
3856 31
3857 30
3858 29
3859 58
3860 57
3861 56
3862 55
3863 54
3864 53
3865 52
3866 51
3867 50
3868 49
3869 48
3870 47
3871 46
3872 45
3873 44
3874 43
3875 42
3876 41
3877 40
3878 39
3879 38
3880 37
3881 36
3882 35
3883 34
3884 33
3885 32
3886 31
3887 30
3888 29
3889 58
3890 57
3891 56
3892 55
3893 54
3894 53
3895 52
3896 51
3897 50
3898 49
3899 48
3900 47
3901 46
3902 45
3903 44
3904 43
3905 42
3906 41
3907 40
3908 39
3909 38
3910 37
3911 36
3912 35
3913 34
3914 33
3915 32
3916 31
3917 30
3918 29
3919 58
3920 57
3921 56
3922 55
3923 54
3924 53
3925 52
3926 51
3927 50
3928 49
3929 48
3930 47
3931 46
3932 45
3933 44
3934 43
3935 42
3936 41
3937 40
3938 39
3939 38
3940 37
3941 36
3942 35
3943 34
3944 33
3945 32
3946 31
3947 30
3948 29
3949 58
3950 57
3951 56
3952 55
3953 54
3954 53
3955 52
3956 51
3957 50
3958 49
3959 48
3960 47
3961 46
3962 45
3963 44
3964 43
3965 42
3966 41
3967 40
3968 39
3969 38
3970 37
3971 36
3972 35
3973 34
3974 33
3975 32
3976 31
3977 30
3978 29
3979 58
3980 57
3981 56
3982 55
3983 54
3984 53
3985 52
3986 51
3987 50
3988 49
3989 48
3990 47
3991 46
3992 45
3993 44
3994 43
3995 42
3996 41
3997 40
3998 39
3999 38
4000 37
4001 36
4002 35
4003 34
4004 33
4005 32
4006 31
4007 30
4008 29
4009 58
4010 57
4011 56
4012 55
4013 54
4014 53
4015 52
4016 51
4017 50
4018 49
4019 48
4020 47
4021 46
4022 45
4023 44
4024 43
4025 42
4026 41
4027 40
4028 39
4029 38
4030 37
4031 36
4032 35
4033 34
4034 33
4035 32
4036 31
4037 30
4038 29
4039 58
4040 57
4041 56
4042 55
4043 54
4044 53
4045 52
4046 51
4047 50
4048 49
4049 48
4050 47
4051 46
4052 45
4053 44
4054 43
4055 42
4056 41
4057 40
4058 39
4059 38
4060 37
4061 36
4062 35
4063 34
4064 33
4065 32
4066 31
4067 30
4068 29
4069 58
4070 57
4071 56
4072 55
4073 54
4074 53
4075 52
4076 51
4077 50
4078 49
4079 48
4080 47
4081 46
4082 45
4083 44
4084 43
4085 42
4086 41
4087 40
4088 39
4089 38
4090 37
4091 36
4092 35
4093 34
4094 33
4095 32
4096 31
4097 30
4098 29
4099 58
4100 57
4101 56
4102 55
4103 54
4104 53
4105 52
4106 51
4107 50
4108 49
4109 48
4110 47
4111 46
4112 45
4113 44
4114 43
4115 42
4116 41
4117 40
4118 39
4119 38
4120 37
4121 36
4122 35
4123 34
4124 33
4125 32
4126 31
4127 30
4128 29
4129 58
4130 57
4131 56
4132 55
4133 54
4134 53
4135 52
4136 51
4137 50
4138 49
4139 48
4140 47
4141 46
4142 45
4143 44
4144 43
4145 42
4146 41
4147 40
4148 39
4149 38
4150 37
4151 36
4152 35
4153 34
4154 33
4155 32
4156 31
4157 30
4158 29
4159 58
4160 57
4161 56
4162 55
4163 54
4164 53
4165 52
4166 51
4167 50
4168 49
4169 48
4170 47
4171 46
4172 45
4173 44
4174 43
4175 42
4176 41
4177 40
4178 39
4179 38
4180 37
4181 36
4182 35
4183 34
4184 33
4185 32
4186 31
4187 30
4188 29
4189 58
4190 57
4191 56
4192 55
4193 54
4194 53
4195 52
4196 51
4197 50
4198 49
4199 48
4200 47
4201 46
4202 45
4203 44
4204 43
4205 42
4206 41
4207 40
4208 39
4209 38
4210 37
4211 36
4212 35
4213 34
4214 33
4215 32
4216 31
4217 30
4218 29
4219 58
4220 57
4221 56
4222 55
4223 54
4224 53
4225 52
4226 51
4227 50
4228 49
4229 48
4230 47
4231 46
4232 45
4233 44
4234 43
4235 42
4236 41
4237 40
4238 39
4239 38
4240 37
4241 36
4242 35
4243 34
4244 33
4245 32
4246 31
4247 30
4248 29
4249 58
4250 57
4251 56
4252 55
4253 54
4254 53
4255 52
4256 51
4257 50
4258 49
4259 48
4260 47
4261 46
4262 45
4263 44
4264 43
4265 42
4266 41
4267 40
4268 39
4269 38
4270 37
4271 36
4272 35
4273 34
4274 33
4275 32
4276 31
4277 30
4278 29
4279 58
4280 57
4281 56
4282 55
4283 54
4284 53
4285 52
4286 51
4287 50
4288 49
4289 48
4290 47
4291 46
4292 45
4293 44
4294 43
4295 42
4296 41
4297 40
4298 39
4299 38
4300 37
4301 36
4302 35
4303 34
4304 33
4305 32
4306 31
4307 30
4308 29
4309 58
4310 57
4311 56
4312 55
4313 54
4314 53
4315 52
4316 51
4317 50
4318 49
4319 48
4320 47
4321 46
4322 45
4323 44
4324 43
4325 42
4326 41
4327 40
4328 39
4329 38
4330 37
4331 36
4332 35
4333 34
4334 33
4335 32
4336 31
4337 30
4338 29
4339 58
4340 57
4341 56
4342 55
4343 54
4344 53
4345 52
4346 51
4347 50
4348 49
4349 48
4350 47
4351 46
4352 45
4353 44
4354 43
4355 42
4356 41
4357 40
4358 39
4359 38
4360 37
4361 36
4362 35
4363 34
4364 33
4365 32
4366 31
4367 30
4368 29
4369 58
4370 57
4371 56
4372 55
4373 54
4374 53
4375 52
4376 51
4377 50
4378 49
4379 48
4380 47
4381 46
4382 45
4383 44
4384 43
4385 42
4386 41
4387 40
4388 39
4389 38
4390 37
4391 36
4392 35
4393 34
4394 33
4395 32
4396 31
4397 30
4398 29
4399 58
4400 57
4401 56
4402 55
4403 54
4404 53
4405 52
4406 51
4407 50
4408 49
4409 48
4410 47
4411 46
4412 45
4413 44
4414 43
4415 42
4416 41
4417 40
4418 39
4419 38
4420 37
4421 36
4422 35
4423 34
4424 33
4425 32
4426 31
4427 30
4428 29
4429 58
4430 57
4431 56
4432 55
4433 54
4434 53
4435 52
4436 51
4437 50
4438 49
4439 48
4440 47
4441 46
4442 45
4443 44
4444 43
4445 42
4446 41
4447 40
4448 39
4449 38
4450 37
4451 36
4452 35
4453 34
4454 33
4455 32
4456 31
4457 30
4458 29
4459 58
4460 57
4461 56
4462 55
4463 54
4464 53
4465 52
4466 51
4467 50
4468 49
4469 48
4470 47
4471 46
4472 45
4473 44
4474 43
4475 42
4476 41
4477 40
4478 39
4479 38
4480 37
4481 36
4482 35
4483 34
4484 33
4485 32
4486 31
4487 30
4488 29
4489 58
4490 57
4491 56
4492 55
4493 54
4494 53
4495 52
4496 51
4497 50
4498 49
4499 48
4500 47
4501 46
4502 45
4503 44
4504 43
4505 42
4506 41
4507 40
4508 39
4509 38
4510 37
4511 36
4512 35
4513 34
4514 33
4515 32
4516 31
4517 30
4518 29
4519 58
4520 57
4521 56
4522 55
4523 54
4524 53
4525 52
4526 51
4527 50
4528 49
4529 48
4530 47
4531 46
4532 45
4533 44
4534 43
4535 42
4536 41
4537 40
4538 39
4539 38
4540 37
4541 36
4542 35
4543 34
4544 33
4545 32
4546 31
4547 30
4548 29
4549 58
4550 57
4551 56
4552 55
4553 54
4554 53
4555 52
4556 51
4557 50
4558 49
4559 48
4560 47
4561 46
4562 45
4563 44
4564 43
4565 42
4566 41
4567 40
4568 39
4569 38
4570 37
4571 36
4572 35
4573 34
4574 33
4575 32
4576 31
4577 30
4578 29
4579 58
4580 57
4581 56
4582 55
4583 54
4584 53
4585 52
4586 51
4587 50
4588 49
4589 48
4590 47
4591 46
4592 45
4593 44
4594 43
4595 42
4596 41
4597 40
4598 39
4599 38
4600 37
4601 36
4602 35
4603 34
4604 33
4605 32
4606 31
4607 30
4608 29
4609 58
4610 57
4611 56
4612 55
4613 54
4614 53
4615 52
4616 51
4617 50
4618 49
4619 48
4620 47
4621 46
4622 45
4623 44
4624 43
4625 42
4626 41
4627 40
4628 39
4629 38
4630 37
4631 36
4632 35
4633 34
4634 33
4635 32
4636 31
4637 30
4638 29
4639 58
4640 57
4641 56
4642 55
4643 54
4644 53
4645 52
4646 51
4647 50
4648 49
4649 48
4650 47
4651 46
4652 45
4653 44
4654 43
4655 42
4656 41
4657 40
4658 39
4659 38
4660 37
4661 36
4662 35
4663 34
4664 33
4665 32
4666 31
4667 30
4668 29
4669 58
4670 57
4671 56
4672 55
4673 54
4674 53
4675 52
4676 51
4677 50
4678 49
4679 48
4680 47
4681 46
4682 45
4683 44
4684 43
4685 42
4686 41
4687 40
4688 39
4689 38
4690 37
4691 36
4692 35
4693 34
4694 33
4695 32
4696 31
4697 30
4698 29
4699 58
4700 57
4701 56
4702 55
4703 54
4704 53
4705 52
4706 51
4707 50
4708 49
4709 48
4710 47
4711 46
4712 45
4713 44
4714 43
4715 42
4716 41
4717 40
4718 39
4719 38
4720 37
4721 36
4722 35
4723 34
4724 33
4725 32
4726 31
4727 30
4728 29
4729 58
4730 57
4731 56
4732 55
4733 54
4734 53
4735 52
4736 51
4737 50
4738 49
4739 48
4740 47
4741 46
4742 45
4743 44
4744 43
4745 42
4746 41
4747 40
4748 39
4749 38
4750 37
4751 36
4752 35
4753 34
4754 33
4755 32
4756 31
4757 30
4758 29
4759 58
4760 57
4761 56
4762 55
4763 54
4764 53
4765 52
4766 51
4767 50
4768 49
4769 48
4770 47
4771 46
4772 45
4773 44
4774 43
4775 42
4776 41
4777 40
4778 39
4779 38
4780 37
4781 36
4782 35
4783 34
4784 33
4785 32
4786 31
4787 30
4788 29
4789 58
4790 57
4791 56
4792 55
4793 54
4794 53
4795 52
4796 51
4797 50
4798 49
4799 48
4800 47
4801 46
4802 45
4803 44
4804 43
4805 42
4806 41
4807 40
4808 39
4809 38
4810 37
4811 36
4812 35
4813 34
4814 33
4815 32
4816 31
4817 30
4818 29
4819 58
4820 57
4821 56
4822 55
4823 54
4824 53
4825 52
4826 51
4827 50
4828 49
4829 48
4830 47
4831 46
4832 45
4833 44
4834 43
4835 42
4836 41
4837 40
4838 39
4839 38
4840 37
4841 36
4842 35
4843 34
4844 33
4845 32
4846 31
4847 30
4848 29
4849 58
4850 57
4851 56
4852 55
4853 54
4854 53
4855 52
4856 51
4857 50
4858 49
4859 48
4860 47
4861 46
4862 45
4863 44
4864 43
4865 42
4866 41
4867 40
4868 39
4869 38
4870 37
4871 36
4872 35
4873 34
4874 33
4875 32
4876 31
4877 30
4878 29
4879 58
4880 57
4881 56
4882 55
4883 54
4884 53
4885 52
4886 51
4887 50
4888 49
4889 48
4890 47
4891 46
4892 45
4893 44
4894 43
4895 42
4896 41
4897 40
4898 39
4899 38
4900 37
4901 36
4902 35
4903 34
4904 33
4905 32
4906 31
4907 30
4908 29
4909 58
4910 57
4911 56
4912 55
4913 54
4914 53
4915 52
4916 51
4917 50
4918 49
4919 48
4920 47
4921 46
4922 45
4923 44
4924 43
4925 42
4926 41
4927 40
4928 39
4929 38
4930 37
4931 36
4932 35
4933 34
4934 33
4935 32
4936 31
4937 30
4938 29
4939 58
4940 57
4941 56
4942 55
4943 54
4944 53
4945 52
4946 51
4947 50
4948 49
4949 48
4950 47
4951 46
4952 45
4953 44
4954 43
4955 42
4956 41
4957 40
4958 39
4959 38
4960 37
4961 36
4962 35
4963 34
4964 33
4965 32
4966 31
4967 30
4968 29
4969 58
4970 57
4971 56
4972 55
4973 54
4974 53
4975 52
4976 51
4977 50
4978 49
4979 48
4980 47
4981 46
4982 45
4983 44
4984 43
4985 42
4986 41
4987 40
4988 39
4989 38
4990 37
4991 36
4992 35
4993 34
4994 33
4995 32
4996 31
4997 30
4998 29
4999 58
5000 57
5001 56
5002 55
5003 54
5004 53
5005 52
5006 51
5007 50
5008 49
5009 48
5010 47
5011 46
5012 45
5013 44
5014 43
5015 42
5016 41
5017 40
5018 39
5019 38
5020 37
5021 36
5022 35
5023 34
5024 33
5025 32
5026 31
5027 30
5028 29
5029 58
5030 57
5031 56
5032 55
5033 54
5034 53
5035 52
5036 51
5037 50
5038 49
5039 48
5040 47
5041 46
5042 45
5043 44
5044 43
5045 42
5046 41
5047 40
5048 39
5049 38
5050 37
5051 36
5052 35
5053 34
5054 33
5055 32
5056 31
5057 30
5058 29
5059 58
5060 57
5061 56
5062 55
5063 54
5064 53
5065 52
5066 51
5067 50
5068 49
5069 48
5070 47
5071 46
5072 45
5073 44
5074 43
5075 42
5076 41
5077 40
5078 39
5079 38
5080 37
5081 36
5082 35
5083 34
5084 33
5085 32
5086 31
5087 30
5088 29
5089 58
5090 57
5091 56
5092 55
5093 54
5094 53
5095 52
5096 51
5097 50
5098 49
5099 48
5100 47
5101 46
5102 45
5103 44
5104 43
5105 42
5106 41
5107 40
5108 39
5109 38
5110 37
5111 36
5112 35
5113 34
5114 33
5115 32
5116 31
5117 30
5118 29
5119 58
5120 57
5121 56
5122 55
5123 54
5124 53
5125 52
5126 51
5127 50
5128 49
5129 48
5130 47
5131 46
5132 45
5133 44
5134 43
5135 42
5136 41
5137 40
5138 39
5139 38
5140 37
5141 36
5142 35
5143 34
5144 33
5145 32
5146 31
5147 30
5148 29
5149 58
5150 57
5151 56
5152 55
5153 54
5154 53
5155 52
5156 51
5157 50
5158 49
5159 48
5160 47
5161 46
5162 45
5163 44
5164 43
5165 42
5166 41
5167 40
5168 39
5169 38
5170 37
5171 36
5172 35
5173 34
5174 33
5175 32
5176 31
5177 30
5178 29
5179 58
5180 57
5181 56
5182 55
5183 54
5184 53
5185 52
5186 51
5187 50
5188 49
5189 48
5190 47
5191 46
5192 45
5193 44
5194 43
5195 42
5196 41
5197 40
5198 39
5199 38
5200 37
5201 36
5202 35
5203 34
5204 33
5205 32
5206 31
5207 30
5208 29
5209 58
5210 57
5211 56
5212 55
5213 54
5214 53
5215 52
5216 51
5217 50
5218 49
5219 48
5220 47
5221 46
5222 45
5223 44
5224 43
5225 42
5226 41
5227 40
5228 39
5229 38
5230 37
5231 36
5232 35
5233 34
5234 33
5235 32
5236 31
5237 30
5238 29
5239 58
5240 57
5241 56
5242 55
5243 54
5244 53
5245 52
5246 51
5247 50
5248 49
5249 48
5250 47
5251 46
5252 45
5253 44
5254 43
5255 42
5256 41
5257 40
5258 39
5259 38
5260 37
5261 36
5262 35
5263 34
5264 33
5265 32
5266 31
5267 30
5268 29
5269 58
5270 57
5271 56
5272 55
5273 54
5274 53
5275 52
5276 51
5277 50
5278 49
5279 48
5280 47
5281 46
5282 45
5283 44
5284 43
5285 42
5286 41
5287 40
5288 39
5289 38
5290 37
5291 36
5292 35
5293 34
5294 33
5295 32
5296 31
5297 30
5298 29
5299 58
5300 57
5301 56
5302 55
5303 54
5304 53
5305 52
5306 51
5307 50
5308 49
5309 48
5310 47
5311 46
5312 45
5313 44
5314 43
5315 42
5316 41
5317 40
5318 39
5319 38
5320 37
5321 36
5322 35
5323 34
5324 33
5325 32
5326 31
5327 30
5328 29
5329 58
5330 57
5331 56
5332 55
5333 54
5334 53
5335 52
5336 51
5337 50
5338 49
5339 48
5340 47
5341 46
5342 45
5343 44
5344 43
5345 42
5346 41
5347 40
5348 39
5349 38
5350 37
5351 36
5352 35
5353 34
5354 33
5355 32
5356 31
5357 30
5358 29
5359 58
5360 57
5361 56
5362 55
5363 54
5364 53
5365 52
5366 51
5367 50
5368 49
5369 48
5370 47
5371 46
5372 45
5373 44
5374 43
5375 42
5376 41
5377 40
5378 39
5379 38
5380 37
5381 36
5382 35
5383 34
5384 33
5385 32
5386 31
5387 30
5388 29
5389 58
5390 57
5391 56
5392 55
5393 54
5394 53
5395 52
5396 51
5397 50
5398 49
5399 48
5400 47
5401 46
5402 45
5403 44
5404 43
5405 42
5406 41
5407 40
5408 39
5409 38
5410 37
5411 36
5412 35
5413 34
5414 33
5415 32
5416 31
5417 30
5418 29
5419 58
5420 57
5421 56
5422 55
5423 54
5424 53
5425 52
5426 51
5427 50
5428 49
5429 48
5430 47
5431 46
5432 45
5433 44
5434 43
5435 42
5436 41
5437 40
5438 39
5439 38
5440 37
5441 36
5442 35
5443 34
5444 33
5445 32
5446 31
5447 30
5448 29
5449 58
5450 57
5451 56
5452 55
5453 54
5454 53
5455 52
5456 51
5457 50
5458 49
5459 48
5460 47
5461 46
5462 45
5463 44
5464 43
5465 42
5466 41
5467 40
5468 39
5469 38
5470 37
5471 36
5472 35
5473 34
5474 33
5475 32
5476 31
5477 30
5478 29
5479 58
5480 57
5481 56
5482 55
5483 54
5484 53
5485 52
5486 51
5487 50
5488 49
5489 48
5490 47
5491 46
5492 45
5493 44
5494 43
5495 42
5496 41
5497 40
5498 39
5499 38
5500 37
5501 36
5502 35
5503 34
5504 33
5505 32
5506 31
5507 30
5508 29
5509 58
5510 57
5511 56
5512 55
5513 54
5514 53
5515 52
5516 51
5517 50
5518 49
5519 48
5520 47
5521 46
5522 45
5523 44
5524 43
5525 42
5526 41
5527 40
5528 39
5529 38
5530 37
5531 36
5532 35
5533 34
5534 33
5535 32
5536 31
5537 30
5538 29
5539 58
5540 57
5541 56
5542 55
5543 54
5544 53
5545 52
5546 51
5547 50
5548 49
5549 48
5550 47
5551 46
5552 45
5553 44
5554 43
5555 42
5556 41
5557 40
5558 39
5559 38
5560 37
5561 36
5562 35
5563 34
5564 33
5565 32
5566 31
5567 30
5568 29
5569 58
5570 57
5571 56
5572 55
5573 54
5574 53
5575 52
5576 51
5577 50
5578 49
5579 48
5580 47
5581 46
5582 45
5583 44
5584 43
5585 42
5586 41
5587 40
5588 39
5589 38
5590 37
5591 36
5592 35
5593 34
5594 33
5595 32
5596 31
5597 30
5598 29
5599 58
5600 57
5601 56
5602 55
5603 54
5604 53
5605 52
5606 51
5607 50
5608 49
5609 48
5610 47
5611 46
5612 45
5613 44
5614 43
5615 42
5616 41
5617 40
5618 39
5619 38
5620 37
5621 36
5622 35
5623 34
5624 33
5625 32
5626 31
5627 30
5628 29
5629 58
5630 57
5631 56
5632 55
5633 54
5634 53
5635 52
5636 51
5637 50
5638 49
5639 48
5640 47
5641 46
5642 45
5643 44
5644 43
5645 42
5646 41
5647 40
5648 39
5649 38
5650 37
5651 36
5652 35
5653 34
5654 33
5655 32
5656 31
5657 30
5658 29
5659 58
5660 57
5661 56
5662 55
5663 54
5664 53
5665 52
5666 51
5667 50
5668 49
5669 48
5670 47
5671 46
5672 45
5673 44
5674 43
5675 42
5676 41
5677 40
5678 39
5679 38
5680 37
5681 36
5682 35
5683 34
5684 33
5685 32
5686 31
5687 30
5688 29
5689 58
5690 57
5691 56
5692 55
5693 54
5694 53
5695 52
5696 51
5697 50
5698 49
5699 48
5700 47
5701 46
5702 45
5703 44
5704 43
5705 42
5706 41
5707 40
5708 39
5709 38
5710 37
5711 36
5712 35
5713 34
5714 33
5715 32
5716 31
5717 30
5718 29
5719 58
5720 57
5721 56
5722 55
5723 54
5724 53
5725 52
5726 51
5727 50
5728 49
5729 48
5730 47
5731 46
5732 45
5733 44
5734 43
5735 42
5736 41
5737 40
5738 39
5739 38
5740 37
5741 36
5742 35
5743 34
5744 33
5745 32
5746 31
5747 30
5748 29
5749 58
5750 57
5751 56
5752 55
5753 54
5754 53
5755 52
5756 51
5757 50
5758 49
5759 48
5760 47
5761 46
5762 45
5763 44
5764 43
5765 42
5766 41
5767 40
5768 39
5769 38
5770 37
5771 36
5772 35
5773 34
5774 33
5775 32
5776 31
5777 30
5778 29
5779 58
5780 57
5781 56
5782 55
5783 54
5784 53
5785 52
5786 51
5787 50
5788 49
5789 48
5790 47
5791 46
5792 45
5793 44
5794 43
5795 42
5796 41
5797 40
5798 39
5799 38
5800 37
5801 36
5802 35
5803 34
5804 33
5805 32
5806 31
5807 30
5808 29
5809 58
5810 57
5811 56
5812 55
5813 54
5814 53
5815 52
5816 51
5817 50
5818 49
5819 48
5820 47
5821 46
5822 45
5823 44
5824 43
5825 42
5826 41
5827 40
5828 39
5829 38
5830 37
5831 36
5832 35
5833 34
5834 33
5835 32
5836 31
5837 30
5838 29
5839 58
5840 57
5841 56
5842 55
5843 54
5844 53
5845 52
5846 51
5847 50
5848 49
5849 48
5850 47
5851 46
5852 45
5853 44
5854 43
5855 42
5856 41
5857 40
5858 39
5859 38
5860 37
5861 36
5862 35
5863 34
5864 33
5865 32
5866 31
5867 30
5868 29
5869 58
5870 57
5871 56
5872 55
5873 54
5874 53
5875 52
5876 51
5877 50
5878 49
5879 48
5880 47
5881 46
5882 45
5883 44
5884 43
5885 42
5886 41
5887 40
5888 39
5889 38
5890 37
5891 36
5892 35
5893 34
5894 33
5895 32
5896 31
5897 30
5898 29
5899 58
5900 57
5901 56
5902 55
5903 54
5904 53
5905 52
5906 51
5907 50
5908 49
5909 48
5910 47
5911 46
5912 45
5913 44
5914 43
5915 42
5916 41
5917 40
5918 39
5919 38
5920 37
5921 36
5922 35
5923 34
5924 33
5925 32
5926 31
5927 30
5928 29
5929 58
5930 57
5931 56
5932 55
5933 54
5934 53
5935 52
5936 51
5937 50
5938 49
5939 48
5940 47
5941 46
5942 45
5943 44
5944 43
5945 42
5946 41
5947 40
5948 39
5949 38
5950 37
5951 36
5952 35
5953 34
5954 33
5955 32
5956 31
5957 30
5958 29
5959 58
5960 57
5961 56
5962 55
5963 54
5964 53
5965 52
5966 51
5967 50
5968 49
5969 48
5970 47
5971 46
5972 45
5973 44
5974 43
5975 42
5976 41
5977 40
5978 39
5979 38
5980 37
5981 36
5982 35
5983 34
5984 33
5985 32
5986 31
5987 30
5988 29
5989 58
5990 57
5991 56
5992 55
5993 54
5994 53
5995 52
5996 51
5997 50
5998 49
5999 48
6000 47
6001 46
6002 45
6003 44
6004 43
6005 42
6006 41
6007 40
6008 39
6009 38
6010 37
6011 36
6012 35
6013 34
6014 33
6015 32
6016 31
6017 30
6018 29
6019 58
6020 57
6021 56
6022 55
6023 54
6024 53
6025 52
6026 51
6027 50
6028 49
6029 48
6030 47
6031 46
6032 45
6033 44
6034 43
6035 42
6036 41
6037 40
6038 39
6039 38
6040 37
6041 36
6042 35
6043 34
6044 33
6045 32
6046 31
6047 30
6048 29
6049 58
6050 57
6051 56
6052 55
6053 54
6054 53
6055 52
6056 51
6057 50
6058 49
6059 48
6060 47
6061 46
6062 45
6063 44
6064 43
6065 42
6066 41
6067 40
6068 39
6069 38
6070 37
6071 36
6072 35
6073 34
6074 33
6075 32
6076 31
6077 30
6078 29
6079 58
6080 57
6081 56
6082 55
6083 54
6084 53
6085 52
6086 51
6087 50
6088 49
6089 48
6090 47
6091 46
6092 45
6093 44
6094 43
6095 42
6096 41
6097 40
6098 39
6099 38
6100 37
6101 36
6102 35
6103 34
6104 33
6105 32
6106 31
6107 30
6108 29
6109 58
6110 57
6111 56
6112 55
6113 54
6114 53
6115 52
6116 51
6117 50
6118 49
6119 48
6120 47
6121 46
6122 45
6123 44
6124 43
6125 42
6126 41
6127 40
6128 39
6129 38
6130 37
6131 36
6132 35
6133 34
6134 33
6135 32
6136 31
6137 30
6138 29
6139 58
6140 57
6141 56
6142 55
6143 54
6144 53
6145 52
6146 51
6147 50
6148 49
6149 48
6150 47
6151 46
6152 45
6153 44
6154 43
6155 42
6156 41
6157 40
6158 39
6159 38
6160 37
6161 36
6162 35
6163 34
6164 33
6165 32
6166 31
6167 30
6168 29
6169 58
6170 57
6171 56
6172 55
6173 54
6174 53
6175 52
6176 51
6177 50
6178 49
6179 48
6180 47
6181 46
6182 45
6183 44
6184 43
6185 42
6186 41
6187 40
6188 39
6189 38
6190 37
6191 36
6192 35
6193 34
6194 33
6195 32
6196 31
6197 30
6198 29
6199 58
6200 57
6201 56
6202 55
6203 54
6204 53
6205 52
6206 51
6207 50
6208 49
6209 48
6210 47
6211 46
6212 45
6213 44
6214 43
6215 42
6216 41
6217 40
6218 39
6219 38
6220 37
6221 36
6222 35
6223 34
6224 33
6225 32
6226 31
6227 30
6228 29
6229 58
6230 57
6231 56
6232 55
6233 54
6234 53
6235 52
6236 51
6237 50
6238 49
6239 48
6240 47
6241 46
6242 45
6243 44
6244 43
6245 42
6246 41
6247 40
6248 39
6249 38
6250 37
6251 36
6252 35
6253 34
6254 33
6255 32
6256 31
6257 30
6258 29
6259 58
6260 57
6261 56
6262 55
6263 54
6264 53
6265 52
6266 51
6267 50
6268 49
6269 48
6270 47
6271 46
6272 45
6273 44
6274 43
6275 42
6276 41
6277 40
6278 39
6279 38
6280 37
6281 36
6282 35
6283 34
6284 33
6285 32
6286 31
6287 30
6288 29
6289 58
6290 57
6291 56
6292 55
6293 54
6294 53
6295 52
6296 51
6297 50
6298 49
6299 48
6300 47
6301 46
6302 45
6303 44
6304 43
6305 42
6306 41
6307 40
6308 39
6309 38
6310 37
6311 36
6312 35
6313 34
6314 33
6315 32
6316 31
6317 30
6318 29
6319 58
6320 57
6321 56
6322 55
6323 54
6324 53
6325 52
6326 51
6327 50
6328 49
6329 48
6330 47
6331 46
6332 45
6333 44
6334 43
6335 42
6336 41
6337 40
6338 39
6339 38
6340 37
6341 36
6342 35
6343 34
6344 33
6345 32
6346 31
6347 30
6348 29
6349 58
6350 57
6351 56
6352 55
6353 54
6354 53
6355 52
6356 51
6357 50
6358 49
6359 48
6360 47
6361 46
6362 45
6363 44
6364 43
6365 42
6366 41
6367 40
6368 39
6369 38
6370 37
6371 36
6372 35
6373 34
6374 33
6375 32
6376 31
6377 30
6378 29
6379 58
6380 57
6381 56
6382 55
6383 54
6384 53
6385 52
6386 51
6387 50
6388 49
6389 48
6390 47
6391 46
6392 45
6393 44
6394 43
6395 42
6396 41
6397 40
6398 39
6399 38
6400 37
6401 36
6402 35
6403 34
6404 33
6405 32
6406 31
6407 30
6408 29
6409 58
6410 57
6411 56
6412 55
6413 54
6414 53
6415 52
6416 51
6417 50
6418 49
6419 48
6420 47
6421 46
6422 45
6423 44
6424 43
6425 42
6426 41
6427 40
6428 39
6429 38
6430 37
6431 36
6432 35
6433 34
6434 33
6435 32
6436 31
6437 30
6438 29
6439 58
6440 57
6441 56
6442 55
6443 54
6444 53
6445 52
6446 51
6447 50
6448 49
6449 48
6450 47
6451 46
6452 45
6453 44
6454 43
6455 42
6456 41
6457 40
6458 39
6459 38
6460 37
6461 36
6462 35
6463 34
6464 33
6465 32
6466 31
6467 30
6468 29
6469 58
6470 57
6471 56
6472 55
6473 54
6474 53
6475 52
6476 51
6477 50
6478 49
6479 48
6480 47
6481 46
6482 45
6483 44
6484 43
6485 42
6486 41
6487 40
6488 39
6489 38
6490 37
6491 36
6492 35
6493 34
6494 33
6495 32
6496 31
6497 30
6498 29
6499 58
6500 57
6501 56
6502 55
6503 54
6504 53
6505 52
6506 51
6507 50
6508 49
6509 48
6510 47
6511 46
6512 45
6513 44
6514 43
6515 42
6516 41
6517 40
6518 39
6519 38
6520 37
6521 36
6522 35
6523 34
6524 33
6525 32
6526 31
6527 30
6528 29
6529 58
6530 57
6531 56
6532 55
6533 54
6534 53
6535 52
6536 51
6537 50
6538 49
6539 48
6540 47
6541 46
6542 45
6543 44
6544 43
6545 42
6546 41
6547 40
6548 39
6549 38
6550 37
6551 36
6552 35
6553 34
6554 33
6555 32
6556 31
6557 30
6558 29
6559 58
6560 57
6561 56
6562 55
6563 54
6564 53
6565 52
6566 51
6567 50
6568 49
6569 48
6570 47
6571 46
6572 45
6573 44
6574 43
6575 42
6576 41
6577 40
6578 39
6579 38
6580 37
6581 36
6582 35
6583 34
6584 33
6585 32
6586 31
6587 30
6588 29
6589 58
6590 57
6591 56
6592 55
6593 54
6594 53
6595 52
6596 51
6597 50
6598 49
6599 48
6600 47
6601 46
6602 45
6603 44
6604 43
6605 42
6606 41
6607 40
6608 39
6609 38
6610 37
6611 36
6612 35
6613 34
6614 33
6615 32
6616 31
6617 30
6618 29
6619 58
6620 57
6621 56
6622 55
6623 54
6624 53
6625 52
6626 51
6627 50
6628 49
6629 48
6630 47
6631 46
6632 45
6633 44
6634 43
6635 42
6636 41
6637 40
6638 39
6639 38
6640 37
6641 36
6642 35
6643 34
6644 33
6645 32
6646 31
6647 30
6648 29
6649 58
6650 57
6651 56
6652 55
6653 54
6654 53
6655 52
6656 51
6657 50
6658 49
6659 48
6660 47
6661 46
6662 45
6663 44
6664 43
6665 42
6666 41
6667 40
6668 39
6669 38
6670 37
6671 36
6672 35
6673 34
6674 33
6675 32
6676 31
6677 30
6678 29
6679 58
6680 57
6681 56
6682 55
6683 54
6684 53
6685 52
6686 51
6687 50
6688 49
6689 48
6690 47
6691 46
6692 45
6693 44
6694 43
6695 42
6696 41
6697 40
6698 39
6699 38
6700 37
6701 36
6702 35
6703 34
6704 33
6705 32
6706 31
6707 30
6708 29
6709 58
6710 57
6711 56
6712 55
6713 54
6714 53
6715 52
6716 51
6717 50
6718 49
6719 48
6720 47
6721 46
6722 45
6723 44
6724 43
6725 42
6726 41
6727 40
6728 39
6729 38
6730 37
6731 36
6732 35
6733 34
6734 33
6735 32
6736 31
6737 30
6738 29
6739 58
6740 57
6741 56
6742 55
6743 54
6744 53
6745 52
6746 51
6747 50
6748 49
6749 48
6750 47
6751 46
6752 45
6753 44
6754 43
6755 42
6756 41
6757 40
6758 39
6759 38
6760 37
6761 36
6762 35
6763 34
6764 33
6765 32
6766 31
6767 30
6768 29
6769 58
6770 57
6771 56
6772 55
6773 54
6774 53
6775 52
6776 51
6777 50
6778 49
6779 48
6780 47
6781 46
6782 45
6783 44
6784 43
6785 42
6786 41
6787 40
6788 39
6789 38
6790 37
6791 36
6792 35
6793 34
6794 33
6795 32
6796 31
6797 30
6798 29
6799 58
6800 57
6801 56
6802 55
6803 54
6804 53
6805 52
6806 51
6807 50
6808 49
6809 48
6810 47
6811 46
6812 45
6813 44
6814 43
6815 42
6816 41
6817 40
6818 39
6819 38
6820 37
6821 36
6822 35
6823 34
6824 33
6825 32
6826 31
6827 30
6828 29
6829 58
6830 57
6831 56
6832 55
6833 54
6834 53
6835 52
6836 51
6837 50
6838 49
6839 48
6840 47
6841 46
6842 45
6843 44
6844 43
6845 42
6846 41
6847 40
6848 39
6849 38
6850 37
6851 36
6852 35
6853 34
6854 33
6855 32
6856 31
6857 30
6858 29
6859 58
6860 57
6861 56
6862 55
6863 54
6864 53
6865 52
6866 51
6867 50
6868 49
6869 48
6870 47
6871 46
6872 45
6873 44
6874 43
6875 42
6876 41
6877 40
6878 39
6879 38
6880 37
6881 36
6882 35
6883 34
6884 33
6885 32
6886 31
6887 30
6888 29
6889 58
6890 57
6891 56
6892 55
6893 54
6894 53
6895 52
6896 51
6897 50
6898 49
6899 48
6900 47
6901 46
6902 45
6903 44
6904 43
6905 42
6906 41
6907 40
6908 39
6909 38
6910 37
6911 36
6912 35
6913 34
6914 33
6915 32
6916 31
6917 30
6918 29
6919 58
6920 57
6921 56
6922 55
6923 54
6924 53
6925 52
6926 51
6927 50
6928 49
6929 48
6930 47
6931 46
6932 45
6933 44
6934 43
6935 42
6936 41
6937 40
6938 39
6939 38
6940 37
6941 36
6942 35
6943 34
6944 33
6945 32
6946 31
6947 30
6948 29
6949 58
6950 57
6951 56
6952 55
6953 54
6954 53
6955 52
6956 51
6957 50
6958 49
6959 48
6960 47
6961 46
6962 45
6963 44
6964 43
6965 42
6966 41
6967 40
6968 39
6969 38
6970 37
6971 36
6972 35
6973 34
6974 33
6975 32
6976 31
6977 30
6978 29
6979 58
6980 57
6981 56
6982 55
6983 54
6984 53
6985 52
6986 51
6987 50
6988 49
6989 48
6990 47
6991 46
6992 45
6993 44
6994 43
6995 42
6996 41
6997 40
6998 39
6999 38
7000 37
7001 36
7002 35
7003 34
7004 33
7005 32
7006 31
7007 30
7008 29
7009 58
7010 57
7011 56
7012 55
7013 54
7014 53
7015 52
7016 51
7017 50
7018 49
7019 48
7020 47
7021 46
7022 45
7023 44
7024 43
7025 42
7026 41
7027 40
7028 39
7029 38
7030 37
7031 36
7032 35
7033 34
7034 33
7035 32
7036 31
7037 30
7038 29
7039 58
7040 57
7041 56
7042 55
7043 54
7044 53
7045 52
7046 51
7047 50
7048 49
7049 48
7050 47
7051 46
7052 45
7053 44
7054 43
7055 42
7056 41
7057 40
7058 39
7059 38
7060 37
7061 36
7062 35
7063 34
7064 33
7065 32
7066 31
7067 30
7068 29
7069 58
7070 57
7071 56
7072 55
7073 54
7074 53
7075 52
7076 51
7077 50
7078 49
7079 48
7080 47
7081 46
7082 45
7083 44
7084 43
7085 42
7086 41
7087 40
7088 39
7089 38
7090 37
7091 36
7092 35
7093 34
7094 33
7095 32
7096 31
7097 30
7098 29
7099 58
7100 57
7101 56
7102 55
7103 54
7104 53
7105 52
7106 51
7107 50
7108 49
7109 48
7110 47
7111 46
7112 45
7113 44
7114 43
7115 42
7116 41
7117 40
7118 39
7119 38
7120 37
7121 36
7122 35
7123 34
7124 33
7125 32
7126 31
7127 30
7128 29
7129 58
7130 57
7131 56
7132 55
7133 54
7134 53
7135 52
7136 51
7137 50
7138 49
7139 48
7140 47
7141 46
7142 45
7143 44
7144 43
7145 42
7146 41
7147 40
7148 39
7149 38
7150 37
7151 36
7152 35
7153 34
7154 33
7155 32
7156 31
7157 30
7158 29
7159 58
7160 57
7161 56
7162 55
7163 54
7164 53
7165 52
7166 51
7167 50
7168 49
7169 48
7170 47
7171 46
7172 45
7173 44
7174 43
7175 42
7176 41
7177 40
7178 39
7179 38
7180 37
7181 36
7182 35
7183 34
7184 33
7185 32
7186 31
7187 30
7188 29
7189 58
7190 57
7191 56
7192 55
7193 54
7194 53
7195 52
7196 51
7197 50
7198 49
7199 48
7200 47
7201 46
7202 45
7203 44
7204 43
7205 42
7206 41
7207 40
7208 39
7209 38
7210 37
7211 36
7212 35
7213 34
7214 33
7215 32
7216 31
7217 30
7218 29
7219 58
7220 57
7221 56
7222 55
7223 54
7224 53
7225 52
7226 51
7227 50
7228 49
7229 48
7230 47
7231 46
7232 45
7233 44
7234 43
7235 42
7236 41
7237 40
7238 39
7239 38
7240 37
7241 36
7242 35
7243 34
7244 33
7245 32
7246 31
7247 30
7248 29
7249 58
7250 57
7251 56
7252 55
7253 54
7254 53
7255 52
7256 51
7257 50
7258 49
7259 48
7260 47
7261 46
7262 45
7263 44
7264 43
7265 42
7266 41
7267 40
7268 39
7269 38
7270 37
7271 36
7272 35
7273 34
7274 33
7275 32
7276 31
7277 30
7278 29
7279 58
7280 57
7281 56
7282 55
7283 54
7284 53
7285 52
7286 51
7287 50
7288 49
7289 48
7290 47
7291 46
7292 45
7293 44
7294 43
7295 42
7296 41
7297 40
7298 39
7299 38
7300 37
7301 36
7302 35
7303 34
7304 33
7305 32
7306 31
7307 30
7308 29
7309 58
7310 57
7311 56
7312 55
7313 54
7314 53
7315 52
7316 51
7317 50
7318 49
7319 48
7320 47
7321 46
7322 45
7323 44
7324 43
7325 42
7326 41
7327 40
7328 39
7329 38
7330 37
7331 36
7332 35
7333 34
7334 33
7335 32
7336 31
7337 30
7338 29
7339 58
7340 57
7341 56
7342 55
7343 54
7344 53
7345 52
7346 51
7347 50
7348 49
7349 48
7350 47
7351 46
7352 45
7353 44
7354 43
7355 42
7356 41
7357 40
7358 39
7359 38
7360 37
7361 36
7362 35
7363 34
7364 33
7365 32
7366 31
7367 30
7368 29
7369 58
7370 57
7371 56
7372 55
7373 54
7374 53
7375 52
7376 51
7377 50
7378 49
7379 48
7380 47
7381 46
7382 45
7383 44
7384 43
7385 42
7386 41
7387 40
7388 39
7389 38
7390 37
7391 36
7392 35
7393 34
7394 33
7395 32
7396 31
7397 30
7398 29
7399 58
7400 57
7401 56
7402 55
7403 54
7404 53
7405 52
7406 51
7407 50
7408 49
7409 48
7410 47
7411 46
7412 45
7413 44
7414 43
7415 42
7416 41
7417 40
7418 39
7419 38
7420 37
7421 36
7422 35
7423 34
7424 33
7425 32
7426 31
7427 30
7428 29
7429 58
7430 57
7431 56
7432 55
7433 54
7434 53
7435 52
7436 51
7437 50
7438 49
7439 48
7440 47
7441 46
7442 45
7443 44
7444 43
7445 42
7446 41
7447 40
7448 39
7449 38
7450 37
7451 36
7452 35
7453 34
7454 33
7455 32
7456 31
7457 30
7458 29
7459 58
7460 57
7461 56
7462 55
7463 54
7464 53
7465 52
7466 51
7467 50
7468 49
7469 48
7470 47
7471 46
7472 45
7473 44
7474 43
7475 42
7476 41
7477 40
7478 39
7479 38
7480 37
7481 36
7482 35
7483 34
7484 33
7485 32
7486 31
7487 30
7488 29
7489 58
7490 57
7491 56
7492 55
7493 54
7494 53
7495 52
7496 51
7497 50
7498 49
7499 48
7500 47
7501 46
7502 45
7503 44
7504 43
7505 42
7506 41
7507 40
7508 39
7509 38
7510 37
7511 36
7512 35
7513 34
7514 33
7515 32
7516 31
7517 30
7518 29
7519 58
7520 57
7521 56
7522 55
7523 54
7524 53
7525 52
7526 51
7527 50
7528 49
7529 48
7530 47
7531 46
7532 45
7533 44
7534 43
7535 42
7536 41
7537 40
7538 39
7539 38
7540 37
7541 36
7542 35
7543 34
7544 33
7545 32
7546 31
7547 30
7548 29
7549 58
7550 57
7551 56
7552 55
7553 54
7554 53
7555 52
7556 51
7557 50
7558 49
7559 48
7560 47
7561 46
7562 45
7563 44
7564 43
7565 42
7566 41
7567 40
7568 39
7569 38
7570 37
7571 36
7572 35
7573 34
7574 33
7575 32
7576 31
7577 30
7578 29
7579 58
7580 57
7581 56
7582 55
7583 54
7584 53
7585 52
7586 51
7587 50
7588 49
7589 48
7590 47
7591 46
7592 45
7593 44
7594 43
7595 42
7596 41
7597 40
7598 39
7599 38
7600 37
7601 36
7602 35
7603 34
7604 33
7605 32
7606 31
7607 30
7608 29
7609 58
7610 57
7611 56
7612 55
7613 54
7614 53
7615 52
7616 51
7617 50
7618 49
7619 48
7620 47
7621 46
7622 45
7623 44
7624 43
7625 42
7626 41
7627 40
7628 39
7629 38
7630 37
7631 36
7632 35
7633 34
7634 33
7635 32
7636 31
7637 30
7638 29
7639 58
7640 57
7641 56
7642 55
7643 54
7644 53
7645 52
7646 51
7647 50
7648 49
7649 48
7650 47
7651 46
7652 45
7653 44
7654 43
7655 42
7656 41
7657 40
7658 39
7659 38
7660 37
7661 36
7662 35
7663 34
7664 33
7665 32
7666 31
7667 30
7668 29
7669 58
7670 57
7671 56
7672 55
7673 54
7674 53
7675 52
7676 51
7677 50
7678 49
7679 48
7680 47
7681 46
7682 45
7683 44
7684 43
7685 42
7686 41
7687 40
7688 39
7689 38
7690 37
7691 36
7692 35
7693 34
7694 33
7695 32
7696 31
7697 30
7698 29
7699 58
7700 57
7701 56
7702 55
7703 54
7704 53
7705 52
7706 51
7707 50
7708 49
7709 48
7710 47
7711 46
7712 45
7713 44
7714 43
7715 42
7716 41
7717 40
7718 39
7719 38
7720 37
7721 36
7722 35
7723 34
7724 33
7725 32
7726 31
7727 30
7728 29
7729 58
7730 57
7731 56
7732 55
7733 54
7734 53
7735 52
7736 51
7737 50
7738 49
7739 48
7740 47
7741 46
7742 45
7743 44
7744 43
7745 42
7746 41
7747 40
7748 39
7749 38
7750 37
7751 36
7752 35
7753 34
7754 33
7755 32
7756 31
7757 30
7758 29
7759 58
7760 57
7761 56
7762 55
7763 54
7764 53
7765 52
7766 51
7767 50
7768 49
7769 48
7770 47
7771 46
7772 45
7773 44
7774 43
7775 42
7776 41
7777 40
7778 39
7779 38
7780 37
7781 36
7782 35
7783 34
7784 33
7785 32
7786 31
7787 30
7788 29
7789 58
7790 57
7791 56
7792 55
7793 54
7794 53
7795 52
7796 51
7797 50
7798 49
7799 48
7800 47
7801 46
7802 45
7803 44
7804 43
7805 42
7806 41
7807 40
7808 39
7809 38
7810 37
7811 36
7812 35
7813 34
7814 33
7815 32
7816 31
7817 30
7818 29
7819 58
7820 57
7821 56
7822 55
7823 54
7824 53
7825 52
7826 51
7827 50
7828 49
7829 48
7830 47
7831 46
7832 45
7833 44
7834 43
7835 42
7836 41
7837 40
7838 39
7839 38
7840 37
7841 36
7842 35
7843 34
7844 33
7845 32
7846 31
7847 30
7848 29
7849 58
7850 57
7851 56
7852 55
7853 54
7854 53
7855 52
7856 51
7857 50
7858 49
7859 48
7860 47
7861 46
7862 45
7863 44
7864 43
7865 42
7866 41
7867 40
7868 39
7869 38
7870 37
7871 36
7872 35
7873 34
7874 33
7875 32
7876 31
7877 30
7878 29
7879 58
7880 57
7881 56
7882 55
7883 54
7884 53
7885 52
7886 51
7887 50
7888 49
7889 48
7890 47
7891 46
7892 45
7893 44
7894 43
7895 42
7896 41
7897 40
7898 39
7899 38
7900 37
7901 36
7902 35
7903 34
7904 33
7905 32
7906 31
7907 30
7908 29
7909 58
7910 57
7911 56
7912 55
7913 54
7914 53
7915 52
7916 51
7917 50
7918 49
7919 48
7920 47
7921 46
7922 45
7923 44
7924 43
7925 42
7926 41
7927 40
7928 39
7929 38
7930 37
7931 36
7932 35
7933 34
7934 33
7935 32
7936 31
7937 30
7938 29
7939 58
7940 57
7941 56
7942 55
7943 54
7944 53
7945 52
7946 51
7947 50
7948 49
7949 48
7950 47
7951 46
7952 45
7953 44
7954 43
7955 42
7956 41
7957 40
7958 39
7959 38
7960 37
7961 36
7962 35
7963 34
7964 33
7965 32
7966 31
7967 30
7968 29
7969 58
7970 57
7971 56
7972 55
7973 54
7974 53
7975 52
7976 51
7977 50
7978 49
7979 48
7980 47
7981 46
7982 45
7983 44
7984 43
7985 42
7986 41
7987 40
7988 39
7989 38
7990 37
7991 36
7992 35
7993 34
7994 33
7995 32
7996 31
7997 30
7998 29
7999 58
8000 57
8001 56
8002 55
8003 54
8004 53
8005 52
8006 51
8007 50
8008 49
8009 48
8010 47
8011 46
8012 45
8013 44
8014 43
8015 42
8016 41
8017 40
8018 39
8019 38
8020 37
8021 36
8022 35
8023 34
8024 33
8025 32
8026 31
8027 30
8028 29
8029 58
8030 57
8031 56
8032 55
8033 54
8034 53
8035 52
8036 51
8037 50
8038 49
8039 48
8040 47
8041 46
8042 45
8043 44
8044 43
8045 42
8046 41
8047 40
8048 39
8049 38
8050 37
8051 36
8052 35
8053 34
8054 33
8055 32
8056 31
8057 30
8058 29
8059 58
8060 57
8061 56
8062 55
8063 54
8064 53
8065 52
8066 51
8067 50
8068 49
8069 48
8070 47
8071 46
8072 45
8073 44
8074 43
8075 42
8076 41
8077 40
8078 39
8079 38
8080 37
8081 36
8082 35
8083 34
8084 33
8085 32
8086 31
8087 30
8088 29
8089 58
8090 57
8091 56
8092 55
8093 54
8094 53
8095 52
8096 51
8097 50
8098 49
8099 48
8100 47
8101 46
8102 45
8103 44
8104 43
8105 42
8106 41
8107 40
8108 39
8109 38
8110 37
8111 36
8112 35
8113 34
8114 33
8115 32
8116 31
8117 30
8118 29
8119 58
8120 57
8121 56
8122 55
8123 54
8124 53
8125 52
8126 51
8127 50
8128 49
8129 48
8130 47
8131 46
8132 45
8133 44
8134 43
8135 42
8136 41
8137 40
8138 39
8139 38
8140 37
8141 36
8142 35
8143 34
8144 33
8145 32
8146 31
8147 30
8148 29
8149 58
8150 57
8151 56
8152 55
8153 54
8154 53
8155 52
8156 51
8157 50
8158 49
8159 48
8160 47
8161 46
8162 45
8163 44
8164 43
8165 42
8166 41
8167 40
8168 39
8169 38
8170 37
8171 36
8172 35
8173 34
8174 33
8175 32
8176 31
8177 30
8178 29
8179 58
8180 57
8181 56
8182 55
8183 54
8184 53
8185 52
8186 51
8187 50
8188 49
8189 48
8190 47
8191 46
8192 45
8193 44
8194 43
8195 42
8196 41
8197 40
8198 39
8199 38
8200 37
8201 36
8202 35
8203 34
8204 33
8205 32
8206 31
8207 30
8208 29
8209 58
8210 57
8211 56
8212 55
8213 54
8214 53
8215 52
8216 51
8217 50
8218 49
8219 48
8220 47
8221 46
8222 45
8223 44
8224 43
8225 42
8226 41
8227 40
8228 39
8229 38
8230 37
8231 36
8232 35
8233 34
8234 33
8235 32
8236 31
8237 30
8238 29
8239 58
8240 57
8241 56
8242 55
8243 54
8244 53
8245 52
8246 51
8247 50
8248 49
8249 48
8250 47
8251 46
8252 45
8253 44
8254 43
8255 42
8256 41
8257 40
8258 39
8259 38
8260 37
8261 36
8262 35
8263 34
8264 33
8265 32
8266 31
8267 30
8268 29
8269 58
8270 57
8271 56
8272 55
8273 54
8274 53
8275 52
8276 51
8277 50
8278 49
8279 48
8280 47
8281 46
8282 45
8283 44
8284 43
8285 42
8286 41
8287 40
8288 39
8289 38
8290 37
8291 36
8292 35
8293 34
8294 33
8295 32
8296 31
8297 30
8298 29
8299 58
8300 57
8301 56
8302 55
8303 54
8304 53
8305 52
8306 51
8307 50
8308 49
8309 48
8310 47
8311 46
8312 45
8313 44
8314 43
8315 42
8316 41
8317 40
8318 39
8319 38
8320 37
8321 36
8322 35
8323 34
8324 33
8325 32
8326 31
8327 30
8328 29
8329 58
8330 57
8331 56
8332 55
8333 54
8334 53
8335 52
8336 51
8337 50
8338 49
8339 48
8340 47
8341 46
8342 45
8343 44
8344 43
8345 42
8346 41
8347 40
8348 39
8349 38
8350 37
8351 36
8352 35
8353 34
8354 33
8355 32
8356 31
8357 30
8358 29
8359 58
8360 57
8361 56
8362 55
8363 54
8364 53
8365 52
8366 51
8367 50
8368 49
8369 48
8370 47
8371 46
8372 45
8373 44
8374 43
8375 42
8376 41
8377 40
8378 39
8379 38
8380 37
8381 36
8382 35
8383 34
8384 33
8385 32
8386 31
8387 30
8388 29
8389 58
8390 57
8391 56
8392 55
8393 54
8394 53
8395 52
8396 51
8397 50
8398 49
8399 48
8400 47
8401 46
8402 45
8403 44
8404 43
8405 42
8406 41
8407 40
8408 39
8409 38
8410 37
8411 36
8412 35
8413 34
8414 33
8415 32
8416 31
8417 30
8418 29
8419 58
8420 87
8421 86
8422 85
8423 84
8424 83
8425 82
8426 81
8427 80
8428 79
8429 78
8430 77
8431 76
8432 75
8433 74
8434 73
8435 72
8436 71
8437 70
8438 69
8439 68
8440 67
8441 66
8442 65
8443 64
8444 63
8445 62
8446 61
8447 60
8448 59
8449 58
8450 57
8451 56
8452 55
8453 54
8454 53
8455 52
8456 51
8457 50
8458 49
8459 48
8460 47
8461 46
8462 45
8463 44
8464 43
8465 42
8466 41
8467 40
8468 39
8469 38
8470 37
8471 36
8472 35
8473 34
8474 33
8475 32
8476 31
8477 30
8478 29
8479 58
8480 57
8481 56
8482 55
8483 54
8484 53
8485 52
8486 51
8487 50
8488 49
8489 48
8490 47
8491 46
8492 45
8493 44
8494 43
8495 42
8496 41
8497 40
8498 39
8499 38
8500 37
8501 36
8502 35
8503 34
8504 33
8505 32
8506 31
8507 30
8508 29
8509 58
8510 57
8511 56
8512 55
8513 54
8514 53
8515 52
8516 51
8517 50
8518 49
8519 48
8520 47
8521 46
8522 45
8523 44
8524 43
8525 42
8526 41
8527 40
8528 39
8529 38
8530 37
8531 36
8532 35
8533 34
8534 33
8535 32
8536 31
8537 30
8538 29
8539 58
8540 57
8541 56
8542 55
8543 54
8544 53
8545 52
8546 51
8547 50
8548 49
8549 48
8550 47
8551 46
8552 45
8553 44
8554 43
8555 42
8556 41
8557 40
8558 39
8559 38
8560 37
8561 36
8562 35
8563 34
8564 33
8565 32
8566 31
8567 30
8568 29
8569 58
8570 57
8571 56
8572 55
8573 54
8574 53
8575 52
8576 51
8577 50
8578 49
8579 48
8580 47
8581 46
8582 45
8583 44
8584 43
8585 42
8586 41
8587 40
8588 39
8589 38
8590 37
8591 36
8592 35
8593 34
8594 33
8595 32
8596 31
8597 30
8598 29
8599 58
8600 57
8601 56
8602 55
8603 54
8604 53
8605 52
8606 51
8607 50
8608 49
8609 48
8610 47
8611 46
8612 45
8613 44
8614 43
8615 42
8616 41
8617 40
8618 39
8619 38
8620 37
8621 36
8622 35
8623 34
8624 33
8625 32
8626 31
8627 30
8628 29
8629 58
8630 57
8631 56
8632 55
8633 54
8634 53
8635 52
8636 51
8637 50
8638 49
8639 48
8640 47
8641 46
8642 45
8643 44
8644 43
8645 42
8646 41
8647 40
8648 39
8649 38
8650 37
8651 36
8652 35
8653 34
8654 33
8655 32
8656 31
8657 30
8658 29
8659 58
8660 57
8661 56
8662 55
8663 54
8664 53
8665 52
8666 51
8667 50
8668 49
8669 48
8670 47
8671 46
8672 45
8673 44
8674 43
8675 42
8676 41
8677 40
8678 39
8679 38
8680 37
8681 36
8682 35
8683 34
8684 33
8685 32
8686 31
8687 30
8688 29
8689 58
8690 57
8691 56
8692 55
8693 54
8694 53
8695 52
8696 51
8697 50
8698 49
8699 48
8700 47
8701 46
8702 45
8703 44
8704 43
8705 42
8706 41
8707 40
8708 39
8709 38
8710 37
8711 36
8712 35
8713 34
8714 33
8715 32
8716 31
8717 30
8718 29
8719 58
8720 57
8721 56
8722 55
8723 54
8724 53
8725 52
8726 51
8727 50
8728 49
8729 48
8730 47
8731 46
8732 45
8733 44
8734 43
8735 42
8736 41
8737 40
8738 39
8739 38
8740 37
8741 36
8742 35
8743 34
8744 33
8745 32
8746 31
8747 30
8748 29
8749 58
8750 57
8751 56
8752 55
8753 54
8754 53
8755 52
8756 51
8757 50
8758 49
8759 48
8760 47
8761 46
8762 45
8763 44
8764 43
8765 42
8766 41
8767 40
8768 39
8769 38
8770 37
8771 36
8772 35
8773 34
8774 33
8775 32
8776 31
8777 30
8778 29
8779 58
8780 57
8781 56
8782 55
8783 54
8784 53
8785 52
8786 51
8787 50
8788 49
8789 48
8790 47
8791 46
8792 45
8793 44
8794 43
8795 42
8796 41
8797 40
8798 39
8799 38
8800 37
8801 36
8802 35
8803 34
8804 33
8805 32
8806 31
8807 30
8808 29
8809 58
8810 57
8811 56
8812 55
8813 54
8814 53
8815 52
8816 51
8817 50
8818 49
8819 48
8820 47
8821 46
8822 45
8823 44
8824 43
8825 42
8826 41
8827 40
8828 39
8829 38
8830 37
8831 36
8832 35
8833 34
8834 33
8835 32
8836 31
8837 30
8838 29
8839 58
8840 57
8841 56
8842 55
8843 54
8844 53
8845 52
8846 51
8847 50
8848 49
8849 48
8850 47
8851 46
8852 45
8853 44
8854 43
8855 42
8856 41
8857 40
8858 39
8859 38
8860 37
8861 36
8862 35
8863 34
8864 33
8865 32
8866 31
8867 30
8868 29
8869 58
8870 57
8871 56
8872 55
8873 54
8874 53
8875 52
8876 51
8877 50
8878 49
8879 48
8880 47
8881 46
8882 45
8883 44
8884 43
8885 42
8886 41
8887 40
8888 39
8889 38
8890 37
8891 36
8892 35
8893 34
8894 33
8895 32
8896 31
8897 30
8898 29
8899 58
8900 57
8901 56
8902 55
8903 54
8904 53
8905 52
8906 51
8907 50
8908 49
8909 48
8910 47
8911 46
8912 45
8913 44
8914 43
8915 42
8916 41
8917 40
8918 39
8919 38
8920 37
8921 36
8922 35
8923 34
8924 33
8925 32
8926 31
8927 30
8928 29
8929 58
8930 57
8931 56
8932 55
8933 54
8934 53
8935 52
8936 51
8937 50
8938 49
8939 48
8940 47
8941 46
8942 45
8943 44
8944 43
8945 42
8946 41
8947 40
8948 39
8949 38
8950 37
8951 36
8952 35
8953 34
8954 33
8955 32
8956 31
8957 30
8958 29
8959 58
8960 57
8961 56
8962 55
8963 54
8964 53
8965 52
8966 51
8967 50
8968 49
8969 48
8970 47
8971 46
8972 45
8973 44
8974 43
8975 42
8976 41
8977 40
8978 39
8979 38
8980 37
8981 36
8982 35
8983 34
8984 33
8985 32
8986 31
8987 30
8988 29
8989 28
8990 57
8991 56
8992 55
8993 54
8994 53
8995 52
8996 51
8997 50
8998 49
8999 48
9000 47
9001 46
9002 45
9003 44
9004 43
9005 42
9006 41
9007 40
9008 39
9009 38
9010 37
9011 36
9012 35
9013 34
9014 33
9015 32
9016 31
9017 30
9018 29
9019 28
9020 27
9021 26
9022 25
9023 24
9024 23
9025 22
9026 21
9027 20
9028 19
9029 18
9030 17
9031 16
9032 15
9033 14
9034 13
9035 12
9036 11
9037 10
9038 9
9039 8
9040 7
9041 6
9042 5
9043 4
9044 3
9045 2
9046 1
9047 0
